第0轮总训练用时：96.77123284339905s
参数测试耗时：225.75s
不安全域:Zones:{shape:box, center:[2.67346522 2.67346522 2.67346522 2.67346522 2.67346522 2.67346522
 2.67346522 2.67346522 2.67346522], r:0.09000000000000016, low:[2.57346522 2.57346522 2.57346522 2.57346522 2.57346522 2.57346522
 2.57346522 2.57346522 2.57346522], up:[2.77346522 2.77346522 2.77346522 2.77346522 2.77346522 2.77346522
 2.77346522 2.77346522 2.77346522]}
安全区域:Zones:{shape:box, center:[0.62021756 0.62021756 0.62021756 0.62021756 0.62021756 0.62021756
 0.62021756 0.62021756 0.62021756], r:0.0009000000000000015, low:[0.61021756 0.61021756 0.61021756 0.61021756 0.61021756 0.61021756
 0.61021756 0.61021756 0.61021756], up:[0.63021756 0.63021756 0.63021756 0.63021756 0.63021756 0.63021756
 0.63021756 0.63021756 0.63021756]}
-----------------------------------
第1轮总训练用时：96.70998907089233s
参数测试耗时：73.48s
不安全域:Zones:{shape:box, center:[2.39444308 2.39444308 2.39444308 2.39444308 2.39444308 2.39444308
 2.39444308 2.39444308 2.39444308], r:0.09000000000000016, low:[2.29444308 2.29444308 2.29444308 2.29444308 2.29444308 2.29444308
 2.29444308 2.29444308 2.29444308], up:[2.49444308 2.49444308 2.49444308 2.49444308 2.49444308 2.49444308
 2.49444308 2.49444308 2.49444308]}
安全区域:Zones:{shape:box, center:[0.81549086 0.81549086 0.81549086 0.81549086 0.81549086 0.81549086
 0.81549086 0.81549086 0.81549086], r:0.0009000000000000015, low:[0.80549086 0.80549086 0.80549086 0.80549086 0.80549086 0.80549086
 0.80549086 0.80549086 0.80549086], up:[0.82549086 0.82549086 0.82549086 0.82549086 0.82549086 0.82549086
 0.82549086 0.82549086 0.82549086]}
-----------------------------------
第2轮总训练用时：95.56432604789734s
参数测试耗时：224.29s
不安全域:Zones:{shape:box, center:[2.47161564 2.47161564 2.47161564 2.47161564 2.47161564 2.47161564
 2.47161564 2.47161564 2.47161564], r:0.08999999999999977, low:[2.37161564 2.37161564 2.37161564 2.37161564 2.37161564 2.37161564
 2.37161564 2.37161564 2.37161564], up:[2.57161564 2.57161564 2.57161564 2.57161564 2.57161564 2.57161564
 2.57161564 2.57161564 2.57161564]}
安全区域:Zones:{shape:box, center:[0.66509592 0.66509592 0.66509592 0.66509592 0.66509592 0.66509592
 0.66509592 0.66509592 0.66509592], r:0.0009000000000000015, low:[0.65509592 0.65509592 0.65509592 0.65509592 0.65509592 0.65509592
 0.65509592 0.65509592 0.65509592], up:[0.67509592 0.67509592 0.67509592 0.67509592 0.67509592 0.67509592
 0.67509592 0.67509592 0.67509592]}
-----------------------------------
第3轮总训练用时：96.91587615013123s
参数测试耗时：223.7s
不安全域:Zones:{shape:box, center:[2.59918167 2.59918167 2.59918167 2.59918167 2.59918167 2.59918167
 2.59918167 2.59918167 2.59918167], r:0.09000000000000016, low:[2.49918167 2.49918167 2.49918167 2.49918167 2.49918167 2.49918167
 2.49918167 2.49918167 2.49918167], up:[2.69918167 2.69918167 2.69918167 2.69918167 2.69918167 2.69918167
 2.69918167 2.69918167 2.69918167]}
安全区域:Zones:{shape:box, center:[0.09383244 0.09383244 0.09383244 0.09383244 0.09383244 0.09383244
 0.09383244 0.09383244 0.09383244], r:0.0009000000000000015, low:[0.08383244 0.08383244 0.08383244 0.08383244 0.08383244 0.08383244
 0.08383244 0.08383244 0.08383244], up:[0.10383244 0.10383244 0.10383244 0.10383244 0.10383244 0.10383244
 0.10383244 0.10383244 0.10383244]}
-----------------------------------
第4轮总训练用时：97.4127721786499s
参数测试耗时：215.63s
不安全域:Zones:{shape:box, center:[2.14176892 2.14176892 2.14176892 2.14176892 2.14176892 2.14176892
 2.14176892 2.14176892 2.14176892], r:0.08999999999999977, low:[2.04176892 2.04176892 2.04176892 2.04176892 2.04176892 2.04176892
 2.04176892 2.04176892 2.04176892], up:[2.24176892 2.24176892 2.24176892 2.24176892 2.24176892 2.24176892
 2.24176892 2.24176892 2.24176892]}
安全区域:Zones:{shape:box, center:[0.79783976 0.79783976 0.79783976 0.79783976 0.79783976 0.79783976
 0.79783976 0.79783976 0.79783976], r:0.0009000000000000015, low:[0.78783976 0.78783976 0.78783976 0.78783976 0.78783976 0.78783976
 0.78783976 0.78783976 0.78783976], up:[0.80783976 0.80783976 0.80783976 0.80783976 0.80783976 0.80783976
 0.80783976 0.80783976 0.80783976]}
-----------------------------------
第5轮总训练用时：97.28700065612793s
参数测试耗时：222.93s
不安全域:Zones:{shape:box, center:[2.75020811 2.75020811 2.75020811 2.75020811 2.75020811 2.75020811
 2.75020811 2.75020811 2.75020811], r:0.09000000000000016, low:[2.65020811 2.65020811 2.65020811 2.65020811 2.65020811 2.65020811
 2.65020811 2.65020811 2.65020811], up:[2.85020811 2.85020811 2.85020811 2.85020811 2.85020811 2.85020811
 2.85020811 2.85020811 2.85020811]}
安全区域:Zones:{shape:box, center:[0.14020612 0.14020612 0.14020612 0.14020612 0.14020612 0.14020612
 0.14020612 0.14020612 0.14020612], r:0.0009000000000000015, low:[0.13020612 0.13020612 0.13020612 0.13020612 0.13020612 0.13020612
 0.13020612 0.13020612 0.13020612], up:[0.15020612 0.15020612 0.15020612 0.15020612 0.15020612 0.15020612
 0.15020612 0.15020612 0.15020612]}
-----------------------------------
第6轮总训练用时：97.11666011810303s
参数测试耗时：74.03s
不安全域:Zones:{shape:box, center:[2.78636553 2.78636553 2.78636553 2.78636553 2.78636553 2.78636553
 2.78636553 2.78636553 2.78636553], r:0.08999999999999977, low:[2.68636553 2.68636553 2.68636553 2.68636553 2.68636553 2.68636553
 2.68636553 2.68636553 2.68636553], up:[2.88636553 2.88636553 2.88636553 2.88636553 2.88636553 2.88636553
 2.88636553 2.88636553 2.88636553]}
安全区域:Zones:{shape:box, center:[0.38272288 0.38272288 0.38272288 0.38272288 0.38272288 0.38272288
 0.38272288 0.38272288 0.38272288], r:0.0009000000000000015, low:[0.37272288 0.37272288 0.37272288 0.37272288 0.37272288 0.37272288
 0.37272288 0.37272288 0.37272288], up:[0.39272288 0.39272288 0.39272288 0.39272288 0.39272288 0.39272288
 0.39272288 0.39272288 0.39272288]}
-----------------------------------
第7轮总训练用时：96.66144132614136s
参数测试耗时：75.13s
不安全域:Zones:{shape:box, center:[2.49851606 2.49851606 2.49851606 2.49851606 2.49851606 2.49851606
 2.49851606 2.49851606 2.49851606], r:0.09000000000000016, low:[2.39851606 2.39851606 2.39851606 2.39851606 2.39851606 2.39851606
 2.39851606 2.39851606 2.39851606], up:[2.59851606 2.59851606 2.59851606 2.59851606 2.59851606 2.59851606
 2.59851606 2.59851606 2.59851606]}
安全区域:Zones:{shape:box, center:[0.69374923 0.69374923 0.69374923 0.69374923 0.69374923 0.69374923
 0.69374923 0.69374923 0.69374923], r:0.0009000000000000015, low:[0.68374923 0.68374923 0.68374923 0.68374923 0.68374923 0.68374923
 0.68374923 0.68374923 0.68374923], up:[0.70374923 0.70374923 0.70374923 0.70374923 0.70374923 0.70374923
 0.70374923 0.70374923 0.70374923]}
-----------------------------------
第8轮总训练用时：97.4830710887909s
参数测试耗时：227.15s
不安全域:Zones:{shape:box, center:[2.77809866 2.77809866 2.77809866 2.77809866 2.77809866 2.77809866
 2.77809866 2.77809866 2.77809866], r:0.09000000000000016, low:[2.67809866 2.67809866 2.67809866 2.67809866 2.67809866 2.67809866
 2.67809866 2.67809866 2.67809866], up:[2.87809866 2.87809866 2.87809866 2.87809866 2.87809866 2.87809866
 2.87809866 2.87809866 2.87809866]}
安全区域:Zones:{shape:box, center:[0.08165812 0.08165812 0.08165812 0.08165812 0.08165812 0.08165812
 0.08165812 0.08165812 0.08165812], r:0.0009000000000000015, low:[0.07165812 0.07165812 0.07165812 0.07165812 0.07165812 0.07165812
 0.07165812 0.07165812 0.07165812], up:[0.09165812 0.09165812 0.09165812 0.09165812 0.09165812 0.09165812
 0.09165812 0.09165812 0.09165812]}
-----------------------------------
第9轮总训练用时：98.6183500289917s
参数测试耗时：228.23s
不安全域:Zones:{shape:box, center:[2.52474679 2.52474679 2.52474679 2.52474679 2.52474679 2.52474679
 2.52474679 2.52474679 2.52474679], r:0.08999999999999977, low:[2.42474679 2.42474679 2.42474679 2.42474679 2.42474679 2.42474679
 2.42474679 2.42474679 2.42474679], up:[2.62474679 2.62474679 2.62474679 2.62474679 2.62474679 2.62474679
 2.62474679 2.62474679 2.62474679]}
安全区域:Zones:{shape:box, center:[0.70163274 0.70163274 0.70163274 0.70163274 0.70163274 0.70163274
 0.70163274 0.70163274 0.70163274], r:0.0009000000000000015, low:[0.69163274 0.69163274 0.69163274 0.69163274 0.69163274 0.69163274
 0.69163274 0.69163274 0.69163274], up:[0.71163274 0.71163274 0.71163274 0.71163274 0.71163274 0.71163274
 0.71163274 0.71163274 0.71163274]}
-----------------------------------
第10轮总训练用时：98.39920544624329s
参数测试耗时：230.65s
不安全域:Zones:{shape:box, center:[2.0970286 2.0970286 2.0970286 2.0970286 2.0970286 2.0970286 2.0970286
 2.0970286 2.0970286], r:0.08999999999999977, low:[1.9970286 1.9970286 1.9970286 1.9970286 1.9970286 1.9970286 1.9970286
 1.9970286 1.9970286], up:[2.1970286 2.1970286 2.1970286 2.1970286 2.1970286 2.1970286 2.1970286
 2.1970286 2.1970286]}
安全区域:Zones:{shape:box, center:[0.50412848 0.50412848 0.50412848 0.50412848 0.50412848 0.50412848
 0.50412848 0.50412848 0.50412848], r:0.0009000000000000065, low:[0.49412848 0.49412848 0.49412848 0.49412848 0.49412848 0.49412848
 0.49412848 0.49412848 0.49412848], up:[0.51412848 0.51412848 0.51412848 0.51412848 0.51412848 0.51412848
 0.51412848 0.51412848 0.51412848]}
-----------------------------------
第11轮总训练用时：98.56285285949707s
参数测试耗时：218.62s
不安全域:Zones:{shape:box, center:[2.58483751 2.58483751 2.58483751 2.58483751 2.58483751 2.58483751
 2.58483751 2.58483751 2.58483751], r:0.09000000000000016, low:[2.48483751 2.48483751 2.48483751 2.48483751 2.48483751 2.48483751
 2.48483751 2.48483751 2.48483751], up:[2.68483751 2.68483751 2.68483751 2.68483751 2.68483751 2.68483751
 2.68483751 2.68483751 2.68483751]}
安全区域:Zones:{shape:box, center:[0.24261962 0.24261962 0.24261962 0.24261962 0.24261962 0.24261962
 0.24261962 0.24261962 0.24261962], r:0.0009000000000000015, low:[0.23261962 0.23261962 0.23261962 0.23261962 0.23261962 0.23261962
 0.23261962 0.23261962 0.23261962], up:[0.25261962 0.25261962 0.25261962 0.25261962 0.25261962 0.25261962
 0.25261962 0.25261962 0.25261962]}
-----------------------------------
第12轮总训练用时：98.78282356262207s
参数测试耗时：228.29s
不安全域:Zones:{shape:box, center:[2.11575403 2.11575403 2.11575403 2.11575403 2.11575403 2.11575403
 2.11575403 2.11575403 2.11575403], r:0.09000000000000016, low:[2.01575403 2.01575403 2.01575403 2.01575403 2.01575403 2.01575403
 2.01575403 2.01575403 2.01575403], up:[2.21575403 2.21575403 2.21575403 2.21575403 2.21575403 2.21575403
 2.21575403 2.21575403 2.21575403]}
安全区域:Zones:{shape:box, center:[0.02705883 0.02705883 0.02705883 0.02705883 0.02705883 0.02705883
 0.02705883 0.02705883 0.02705883], r:0.0009000000000000015, low:[0.01705883 0.01705883 0.01705883 0.01705883 0.01705883 0.01705883
 0.01705883 0.01705883 0.01705883], up:[0.03705883 0.03705883 0.03705883 0.03705883 0.03705883 0.03705883
 0.03705883 0.03705883 0.03705883]}
-----------------------------------
第13轮总训练用时：98.13573169708252s
参数测试耗时：227.74s
不安全域:Zones:{shape:box, center:[2.73590787 2.73590787 2.73590787 2.73590787 2.73590787 2.73590787
 2.73590787 2.73590787 2.73590787], r:0.09000000000000016, low:[2.63590787 2.63590787 2.63590787 2.63590787 2.63590787 2.63590787
 2.63590787 2.63590787 2.63590787], up:[2.83590787 2.83590787 2.83590787 2.83590787 2.83590787 2.83590787
 2.83590787 2.83590787 2.83590787]}
安全区域:Zones:{shape:box, center:[0.02388598 0.02388598 0.02388598 0.02388598 0.02388598 0.02388598
 0.02388598 0.02388598 0.02388598], r:0.0009000000000000015, low:[0.01388598 0.01388598 0.01388598 0.01388598 0.01388598 0.01388598
 0.01388598 0.01388598 0.01388598], up:[0.03388598 0.03388598 0.03388598 0.03388598 0.03388598 0.03388598
 0.03388598 0.03388598 0.03388598]}
-----------------------------------
第14轮总训练用时：98.0768654346466s
参数测试耗时：227.65s
不安全域:Zones:{shape:box, center:[2.25144954 2.25144954 2.25144954 2.25144954 2.25144954 2.25144954
 2.25144954 2.25144954 2.25144954], r:0.09000000000000016, low:[2.15144954 2.15144954 2.15144954 2.15144954 2.15144954 2.15144954
 2.15144954 2.15144954 2.15144954], up:[2.35144954 2.35144954 2.35144954 2.35144954 2.35144954 2.35144954
 2.35144954 2.35144954 2.35144954]}
安全区域:Zones:{shape:box, center:[0.18951732 0.18951732 0.18951732 0.18951732 0.18951732 0.18951732
 0.18951732 0.18951732 0.18951732], r:0.0009000000000000015, low:[0.17951732 0.17951732 0.17951732 0.17951732 0.17951732 0.17951732
 0.17951732 0.17951732 0.17951732], up:[0.19951732 0.19951732 0.19951732 0.19951732 0.19951732 0.19951732
 0.19951732 0.19951732 0.19951732]}
-----------------------------------
第15轮总训练用时：98.66347980499268s
参数测试耗时：75.4s
不安全域:Zones:{shape:box, center:[2.87940483 2.87940483 2.87940483 2.87940483 2.87940483 2.87940483
 2.87940483 2.87940483 2.87940483], r:0.08999999999999977, low:[2.77940483 2.77940483 2.77940483 2.77940483 2.77940483 2.77940483
 2.77940483 2.77940483 2.77940483], up:[2.97940483 2.97940483 2.97940483 2.97940483 2.97940483 2.97940483
 2.97940483 2.97940483 2.97940483]}
安全区域:Zones:{shape:box, center:[0.82588822 0.82588822 0.82588822 0.82588822 0.82588822 0.82588822
 0.82588822 0.82588822 0.82588822], r:0.0009000000000000015, low:[0.81588822 0.81588822 0.81588822 0.81588822 0.81588822 0.81588822
 0.81588822 0.81588822 0.81588822], up:[0.83588822 0.83588822 0.83588822 0.83588822 0.83588822 0.83588822
 0.83588822 0.83588822 0.83588822]}
-----------------------------------
第16轮总训练用时：98.49209809303284s
参数测试耗时：230.24s
不安全域:Zones:{shape:box, center:[2.32509785 2.32509785 2.32509785 2.32509785 2.32509785 2.32509785
 2.32509785 2.32509785 2.32509785], r:0.09000000000000016, low:[2.22509785 2.22509785 2.22509785 2.22509785 2.22509785 2.22509785
 2.22509785 2.22509785 2.22509785], up:[2.42509785 2.42509785 2.42509785 2.42509785 2.42509785 2.42509785
 2.42509785 2.42509785 2.42509785]}
安全区域:Zones:{shape:box, center:[0.7587046 0.7587046 0.7587046 0.7587046 0.7587046 0.7587046 0.7587046
 0.7587046 0.7587046], r:0.0009000000000000015, low:[0.7487046 0.7487046 0.7487046 0.7487046 0.7487046 0.7487046 0.7487046
 0.7487046 0.7487046], up:[0.7687046 0.7687046 0.7687046 0.7687046 0.7687046 0.7687046 0.7687046
 0.7687046 0.7687046]}
-----------------------------------
第17轮总训练用时：98.71667551994324s
参数测试耗时：228.03s
不安全域:Zones:{shape:box, center:[2.71094948 2.71094948 2.71094948 2.71094948 2.71094948 2.71094948
 2.71094948 2.71094948 2.71094948], r:0.09000000000000016, low:[2.61094948 2.61094948 2.61094948 2.61094948 2.61094948 2.61094948
 2.61094948 2.61094948 2.61094948], up:[2.81094948 2.81094948 2.81094948 2.81094948 2.81094948 2.81094948
 2.81094948 2.81094948 2.81094948]}
安全区域:Zones:{shape:box, center:[0.71848641 0.71848641 0.71848641 0.71848641 0.71848641 0.71848641
 0.71848641 0.71848641 0.71848641], r:0.0009000000000000015, low:[0.70848641 0.70848641 0.70848641 0.70848641 0.70848641 0.70848641
 0.70848641 0.70848641 0.70848641], up:[0.72848641 0.72848641 0.72848641 0.72848641 0.72848641 0.72848641
 0.72848641 0.72848641 0.72848641]}
-----------------------------------
第18轮总训练用时：99.14687085151672s
参数测试耗时：230.9s
不安全域:Zones:{shape:box, center:[2.89216024 2.89216024 2.89216024 2.89216024 2.89216024 2.89216024
 2.89216024 2.89216024 2.89216024], r:0.08999999999999977, low:[2.79216024 2.79216024 2.79216024 2.79216024 2.79216024 2.79216024
 2.79216024 2.79216024 2.79216024], up:[2.99216024 2.99216024 2.99216024 2.99216024 2.99216024 2.99216024
 2.99216024 2.99216024 2.99216024]}
安全区域:Zones:{shape:box, center:[0.58488254 0.58488254 0.58488254 0.58488254 0.58488254 0.58488254
 0.58488254 0.58488254 0.58488254], r:0.0009000000000000015, low:[0.57488254 0.57488254 0.57488254 0.57488254 0.57488254 0.57488254
 0.57488254 0.57488254 0.57488254], up:[0.59488254 0.59488254 0.59488254 0.59488254 0.59488254 0.59488254
 0.59488254 0.59488254 0.59488254]}
-----------------------------------
第19轮总训练用时：99.74041247367859s
参数测试耗时：227.62s
不安全域:Zones:{shape:box, center:[2.0700867 2.0700867 2.0700867 2.0700867 2.0700867 2.0700867 2.0700867
 2.0700867 2.0700867], r:0.09000000000000016, low:[1.9700867 1.9700867 1.9700867 1.9700867 1.9700867 1.9700867 1.9700867
 1.9700867 1.9700867], up:[2.1700867 2.1700867 2.1700867 2.1700867 2.1700867 2.1700867 2.1700867
 2.1700867 2.1700867]}
安全区域:Zones:{shape:box, center:[0.58353101 0.58353101 0.58353101 0.58353101 0.58353101 0.58353101
 0.58353101 0.58353101 0.58353101], r:0.0009000000000000015, low:[0.57353101 0.57353101 0.57353101 0.57353101 0.57353101 0.57353101
 0.57353101 0.57353101 0.57353101], up:[0.59353101 0.59353101 0.59353101 0.59353101 0.59353101 0.59353101
 0.59353101 0.59353101 0.59353101]}
-----------------------------------
第20轮总训练用时：98.55941224098206s
参数测试耗时：75.62s
不安全域:Zones:{shape:box, center:[2.49539733 2.49539733 2.49539733 2.49539733 2.49539733 2.49539733
 2.49539733 2.49539733 2.49539733], r:0.08999999999999977, low:[2.39539733 2.39539733 2.39539733 2.39539733 2.39539733 2.39539733
 2.39539733 2.39539733 2.39539733], up:[2.59539733 2.59539733 2.59539733 2.59539733 2.59539733 2.59539733
 2.59539733 2.59539733 2.59539733]}
安全区域:Zones:{shape:box, center:[0.84761871 0.84761871 0.84761871 0.84761871 0.84761871 0.84761871
 0.84761871 0.84761871 0.84761871], r:0.0009000000000000015, low:[0.83761871 0.83761871 0.83761871 0.83761871 0.83761871 0.83761871
 0.83761871 0.83761871 0.83761871], up:[0.85761871 0.85761871 0.85761871 0.85761871 0.85761871 0.85761871
 0.85761871 0.85761871 0.85761871]}
-----------------------------------
第21轮总训练用时：99.4216890335083s
参数测试耗时：76.06s
不安全域:Zones:{shape:box, center:[2.56976576 2.56976576 2.56976576 2.56976576 2.56976576 2.56976576
 2.56976576 2.56976576 2.56976576], r:0.09000000000000016, low:[2.46976576 2.46976576 2.46976576 2.46976576 2.46976576 2.46976576
 2.46976576 2.46976576 2.46976576], up:[2.66976576 2.66976576 2.66976576 2.66976576 2.66976576 2.66976576
 2.66976576 2.66976576 2.66976576]}
安全区域:Zones:{shape:box, center:[0.55906455 0.55906455 0.55906455 0.55906455 0.55906455 0.55906455
 0.55906455 0.55906455 0.55906455], r:0.0009000000000000015, low:[0.54906455 0.54906455 0.54906455 0.54906455 0.54906455 0.54906455
 0.54906455 0.54906455 0.54906455], up:[0.56906455 0.56906455 0.56906455 0.56906455 0.56906455 0.56906455
 0.56906455 0.56906455 0.56906455]}
-----------------------------------
第22轮总训练用时：99.47992706298828s
参数测试耗时：74.9s
不安全域:Zones:{shape:box, center:[2.28622382 2.28622382 2.28622382 2.28622382 2.28622382 2.28622382
 2.28622382 2.28622382 2.28622382], r:0.09000000000000016, low:[2.18622382 2.18622382 2.18622382 2.18622382 2.18622382 2.18622382
 2.18622382 2.18622382 2.18622382], up:[2.38622382 2.38622382 2.38622382 2.38622382 2.38622382 2.38622382
 2.38622382 2.38622382 2.38622382]}
安全区域:Zones:{shape:box, center:[0.52732273 0.52732273 0.52732273 0.52732273 0.52732273 0.52732273
 0.52732273 0.52732273 0.52732273], r:0.0009000000000000015, low:[0.51732273 0.51732273 0.51732273 0.51732273 0.51732273 0.51732273
 0.51732273 0.51732273 0.51732273], up:[0.53732273 0.53732273 0.53732273 0.53732273 0.53732273 0.53732273
 0.53732273 0.53732273 0.53732273]}
-----------------------------------
第23轮总训练用时：98.45920586585999s
参数测试耗时：228.04s
不安全域:Zones:{shape:box, center:[2.42342552 2.42342552 2.42342552 2.42342552 2.42342552 2.42342552
 2.42342552 2.42342552 2.42342552], r:0.08999999999999977, low:[2.32342552 2.32342552 2.32342552 2.32342552 2.32342552 2.32342552
 2.32342552 2.32342552 2.32342552], up:[2.52342552 2.52342552 2.52342552 2.52342552 2.52342552 2.52342552
 2.52342552 2.52342552 2.52342552]}
安全区域:Zones:{shape:box, center:[0.8039766 0.8039766 0.8039766 0.8039766 0.8039766 0.8039766 0.8039766
 0.8039766 0.8039766], r:0.0009000000000000015, low:[0.7939766 0.7939766 0.7939766 0.7939766 0.7939766 0.7939766 0.7939766
 0.7939766 0.7939766], up:[0.8139766 0.8139766 0.8139766 0.8139766 0.8139766 0.8139766 0.8139766
 0.8139766 0.8139766]}
-----------------------------------
第24轮总训练用时：98.73677229881287s
参数测试耗时：75.37s
不安全域:Zones:{shape:box, center:[2.69670591 2.69670591 2.69670591 2.69670591 2.69670591 2.69670591
 2.69670591 2.69670591 2.69670591], r:0.09000000000000016, low:[2.59670591 2.59670591 2.59670591 2.59670591 2.59670591 2.59670591
 2.59670591 2.59670591 2.59670591], up:[2.79670591 2.79670591 2.79670591 2.79670591 2.79670591 2.79670591
 2.79670591 2.79670591 2.79670591]}
安全区域:Zones:{shape:box, center:[0.43162072 0.43162072 0.43162072 0.43162072 0.43162072 0.43162072
 0.43162072 0.43162072 0.43162072], r:0.0009000000000000015, low:[0.42162072 0.42162072 0.42162072 0.42162072 0.42162072 0.42162072
 0.42162072 0.42162072 0.42162072], up:[0.44162072 0.44162072 0.44162072 0.44162072 0.44162072 0.44162072
 0.44162072 0.44162072 0.44162072]}
-----------------------------------
第25轮总训练用时：98.9101676940918s
参数测试耗时：193.62s
不安全域:Zones:{shape:box, center:[1.9 1.9 1.9 1.9 1.9 1.9 1.9 1.9 1.9], r:0.08999999999999996, low:[1.8 1.8 1.8 1.8 1.8 1.8 1.8 1.8 1.8], up:[2 2 2 2 2 2 2 2 2]}
安全区域:Zones:{shape:box, center:[1. 1. 1. 1. 1. 1. 1. 1. 1.], r:0.0009000000000000015, low:[0.99 0.99 0.99 0.99 0.99 0.99 0.99 0.99 0.99], up:[1.01 1.01 1.01 1.01 1.01 1.01 1.01 1.01 1.01]}
-----------------------------------
第26轮总训练用时：98.05728912353516s
参数测试耗时：75.81s
不安全域:Zones:{shape:box, center:[2.12195889 2.12195889 2.12195889 2.12195889 2.12195889 2.12195889
 2.12195889 2.12195889 2.12195889], r:0.08999999999999977, low:[2.02195889 2.02195889 2.02195889 2.02195889 2.02195889 2.02195889
 2.02195889 2.02195889 2.02195889], up:[2.22195889 2.22195889 2.22195889 2.22195889 2.22195889 2.22195889
 2.22195889 2.22195889 2.22195889]}
安全区域:Zones:{shape:box, center:[0.30425547 0.30425547 0.30425547 0.30425547 0.30425547 0.30425547
 0.30425547 0.30425547 0.30425547], r:0.0009000000000000015, low:[0.29425547 0.29425547 0.29425547 0.29425547 0.29425547 0.29425547
 0.29425547 0.29425547 0.29425547], up:[0.31425547 0.31425547 0.31425547 0.31425547 0.31425547 0.31425547
 0.31425547 0.31425547 0.31425547]}
-----------------------------------
第27轮总训练用时：98.59817385673523s
参数测试耗时：75.02s
不安全域:Zones:{shape:box, center:[2.38864961 2.38864961 2.38864961 2.38864961 2.38864961 2.38864961
 2.38864961 2.38864961 2.38864961], r:0.09000000000000016, low:[2.28864961 2.28864961 2.28864961 2.28864961 2.28864961 2.28864961
 2.28864961 2.28864961 2.28864961], up:[2.48864961 2.48864961 2.48864961 2.48864961 2.48864961 2.48864961
 2.48864961 2.48864961 2.48864961]}
安全区域:Zones:{shape:box, center:[0.36995606 0.36995606 0.36995606 0.36995606 0.36995606 0.36995606
 0.36995606 0.36995606 0.36995606], r:0.0009000000000000015, low:[0.35995606 0.35995606 0.35995606 0.35995606 0.35995606 0.35995606
 0.35995606 0.35995606 0.35995606], up:[0.37995606 0.37995606 0.37995606 0.37995606 0.37995606 0.37995606
 0.37995606 0.37995606 0.37995606]}
-----------------------------------
第28轮总训练用时：98.27920126914978s
参数测试耗时：201.22s
不安全域:Zones:{shape:box, center:[2.42156622 2.42156622 2.42156622 2.42156622 2.42156622 2.42156622
 2.42156622 2.42156622 2.42156622], r:0.09000000000000016, low:[2.32156622 2.32156622 2.32156622 2.32156622 2.32156622 2.32156622
 2.32156622 2.32156622 2.32156622], up:[2.52156622 2.52156622 2.52156622 2.52156622 2.52156622 2.52156622
 2.52156622 2.52156622 2.52156622]}
安全区域:Zones:{shape:box, center:[0.96895401 0.96895401 0.96895401 0.96895401 0.96895401 0.96895401
 0.96895401 0.96895401 0.96895401], r:0.0009000000000000015, low:[0.95895401 0.95895401 0.95895401 0.95895401 0.95895401 0.95895401
 0.95895401 0.95895401 0.95895401], up:[0.97895401 0.97895401 0.97895401 0.97895401 0.97895401 0.97895401
 0.97895401 0.97895401 0.97895401]}
-----------------------------------
第29轮总训练用时：99.47982692718506s
参数测试耗时：230.59s
不安全域:Zones:{shape:box, center:[1.93606927 1.93606927 1.93606927 1.93606927 1.93606927 1.93606927
 1.93606927 1.93606927 1.93606927], r:0.08999999999999996, low:[1.83606927 1.83606927 1.83606927 1.83606927 1.83606927 1.83606927
 1.83606927 1.83606927 1.83606927], up:[2.03606927 2.03606927 2.03606927 2.03606927 2.03606927 2.03606927
 2.03606927 2.03606927 2.03606927]}
安全区域:Zones:{shape:box, center:[0.38235856 0.38235856 0.38235856 0.38235856 0.38235856 0.38235856
 0.38235856 0.38235856 0.38235856], r:0.0009000000000000015, low:[0.37235856 0.37235856 0.37235856 0.37235856 0.37235856 0.37235856
 0.37235856 0.37235856 0.37235856], up:[0.39235856 0.39235856 0.39235856 0.39235856 0.39235856 0.39235856
 0.39235856 0.39235856 0.39235856]}
-----------------------------------
第30轮总训练用时：99.39330053329468s
参数测试耗时：174.29s
不安全域:Zones:{shape:box, center:[2.22301359 2.22301359 2.22301359 2.22301359 2.22301359 2.22301359
 2.22301359 2.22301359 2.22301359], r:0.09000000000000016, low:[2.12301359 2.12301359 2.12301359 2.12301359 2.12301359 2.12301359
 2.12301359 2.12301359 2.12301359], up:[2.32301359 2.32301359 2.32301359 2.32301359 2.32301359 2.32301359
 2.32301359 2.32301359 2.32301359]}
安全区域:Zones:{shape:box, center:[0.03119223 0.03119223 0.03119223 0.03119223 0.03119223 0.03119223
 0.03119223 0.03119223 0.03119223], r:0.0009000000000000015, low:[0.02119223 0.02119223 0.02119223 0.02119223 0.02119223 0.02119223
 0.02119223 0.02119223 0.02119223], up:[0.04119223 0.04119223 0.04119223 0.04119223 0.04119223 0.04119223
 0.04119223 0.04119223 0.04119223]}
-----------------------------------
第31轮总训练用时：98.50296020507812s
参数测试耗时：226.67s
不安全域:Zones:{shape:box, center:[2.41980069 2.41980069 2.41980069 2.41980069 2.41980069 2.41980069
 2.41980069 2.41980069 2.41980069], r:0.08999999999999977, low:[2.31980069 2.31980069 2.31980069 2.31980069 2.31980069 2.31980069
 2.31980069 2.31980069 2.31980069], up:[2.51980069 2.51980069 2.51980069 2.51980069 2.51980069 2.51980069
 2.51980069 2.51980069 2.51980069]}
安全区域:Zones:{shape:box, center:[0.2347562 0.2347562 0.2347562 0.2347562 0.2347562 0.2347562 0.2347562
 0.2347562 0.2347562], r:0.0009000000000000015, low:[0.2247562 0.2247562 0.2247562 0.2247562 0.2247562 0.2247562 0.2247562
 0.2247562 0.2247562], up:[0.2447562 0.2447562 0.2447562 0.2447562 0.2447562 0.2447562 0.2447562
 0.2447562 0.2447562]}
-----------------------------------
第32轮总训练用时：97.6738486289978s
参数测试耗时：75.25s
不安全域:Zones:{shape:box, center:[2.69324752 2.69324752 2.69324752 2.69324752 2.69324752 2.69324752
 2.69324752 2.69324752 2.69324752], r:0.08999999999999977, low:[2.59324752 2.59324752 2.59324752 2.59324752 2.59324752 2.59324752
 2.59324752 2.59324752 2.59324752], up:[2.79324752 2.79324752 2.79324752 2.79324752 2.79324752 2.79324752
 2.79324752 2.79324752 2.79324752]}
安全区域:Zones:{shape:box, center:[0.52737429 0.52737429 0.52737429 0.52737429 0.52737429 0.52737429
 0.52737429 0.52737429 0.52737429], r:0.0009000000000000015, low:[0.51737429 0.51737429 0.51737429 0.51737429 0.51737429 0.51737429
 0.51737429 0.51737429 0.51737429], up:[0.53737429 0.53737429 0.53737429 0.53737429 0.53737429 0.53737429
 0.53737429 0.53737429 0.53737429]}
-----------------------------------
第33轮总训练用时：101.38934326171875s
参数测试耗时：81.0s
不安全域:Zones:{shape:box, center:[2.40932431 2.40932431 2.40932431 2.40932431 2.40932431 2.40932431
 2.40932431 2.40932431 2.40932431], r:0.09000000000000016, low:[2.30932431 2.30932431 2.30932431 2.30932431 2.30932431 2.30932431
 2.30932431 2.30932431 2.30932431], up:[2.50932431 2.50932431 2.50932431 2.50932431 2.50932431 2.50932431
 2.50932431 2.50932431 2.50932431]}
安全区域:Zones:{shape:box, center:[0.70471946 0.70471946 0.70471946 0.70471946 0.70471946 0.70471946
 0.70471946 0.70471946 0.70471946], r:0.0009000000000000015, low:[0.69471946 0.69471946 0.69471946 0.69471946 0.69471946 0.69471946
 0.69471946 0.69471946 0.69471946], up:[0.71471946 0.71471946 0.71471946 0.71471946 0.71471946 0.71471946
 0.71471946 0.71471946 0.71471946]}
-----------------------------------
第34轮总训练用时：99.51787281036377s
参数测试耗时：81.89s
不安全域:Zones:{shape:box, center:[2.23620555 2.23620555 2.23620555 2.23620555 2.23620555 2.23620555
 2.23620555 2.23620555 2.23620555], r:0.09000000000000016, low:[2.13620555 2.13620555 2.13620555 2.13620555 2.13620555 2.13620555
 2.13620555 2.13620555 2.13620555], up:[2.33620555 2.33620555 2.33620555 2.33620555 2.33620555 2.33620555
 2.33620555 2.33620555 2.33620555]}
安全区域:Zones:{shape:box, center:[0.86471773 0.86471773 0.86471773 0.86471773 0.86471773 0.86471773
 0.86471773 0.86471773 0.86471773], r:0.0009000000000000015, low:[0.85471773 0.85471773 0.85471773 0.85471773 0.85471773 0.85471773
 0.85471773 0.85471773 0.85471773], up:[0.87471773 0.87471773 0.87471773 0.87471773 0.87471773 0.87471773
 0.87471773 0.87471773 0.87471773]}
-----------------------------------
第35轮总训练用时：105.43677592277527s
参数测试耗时：254.88s
不安全域:Zones:{shape:box, center:[2.62993083 2.62993083 2.62993083 2.62993083 2.62993083 2.62993083
 2.62993083 2.62993083 2.62993083], r:0.09000000000000016, low:[2.52993083 2.52993083 2.52993083 2.52993083 2.52993083 2.52993083
 2.52993083 2.52993083 2.52993083], up:[2.72993083 2.72993083 2.72993083 2.72993083 2.72993083 2.72993083
 2.72993083 2.72993083 2.72993083]}
安全区域:Zones:{shape:box, center:[0.57352509 0.57352509 0.57352509 0.57352509 0.57352509 0.57352509
 0.57352509 0.57352509 0.57352509], r:0.0009000000000000015, low:[0.56352509 0.56352509 0.56352509 0.56352509 0.56352509 0.56352509
 0.56352509 0.56352509 0.56352509], up:[0.58352509 0.58352509 0.58352509 0.58352509 0.58352509 0.58352509
 0.58352509 0.58352509 0.58352509]}
-----------------------------------
第36轮总训练用时：113.09329390525818s
参数测试耗时：262.09s
不安全域:Zones:{shape:box, center:[2.43844416 2.43844416 2.43844416 2.43844416 2.43844416 2.43844416
 2.43844416 2.43844416 2.43844416], r:0.08999999999999977, low:[2.33844416 2.33844416 2.33844416 2.33844416 2.33844416 2.33844416
 2.33844416 2.33844416 2.33844416], up:[2.53844416 2.53844416 2.53844416 2.53844416 2.53844416 2.53844416
 2.53844416 2.53844416 2.53844416]}
安全区域:Zones:{shape:box, center:[0.05560094 0.05560094 0.05560094 0.05560094 0.05560094 0.05560094
 0.05560094 0.05560094 0.05560094], r:0.0009000000000000015, low:[0.04560094 0.04560094 0.04560094 0.04560094 0.04560094 0.04560094
 0.04560094 0.04560094 0.04560094], up:[0.06560094 0.06560094 0.06560094 0.06560094 0.06560094 0.06560094
 0.06560094 0.06560094 0.06560094]}
-----------------------------------
第37轮总训练用时：137.1467423439026s
参数测试耗时：100.46s
不安全域:Zones:{shape:box, center:[1.98977353 1.98977353 1.98977353 1.98977353 1.98977353 1.98977353
 1.98977353 1.98977353 1.98977353], r:0.08999999999999996, low:[1.88977353 1.88977353 1.88977353 1.88977353 1.88977353 1.88977353
 1.88977353 1.88977353 1.88977353], up:[2.08977353 2.08977353 2.08977353 2.08977353 2.08977353 2.08977353
 2.08977353 2.08977353 2.08977353]}
安全区域:Zones:{shape:box, center:[0.27549264 0.27549264 0.27549264 0.27549264 0.27549264 0.27549264
 0.27549264 0.27549264 0.27549264], r:0.0009000000000000015, low:[0.26549264 0.26549264 0.26549264 0.26549264 0.26549264 0.26549264
 0.26549264 0.26549264 0.26549264], up:[0.28549264 0.28549264 0.28549264 0.28549264 0.28549264 0.28549264
 0.28549264 0.28549264 0.28549264]}
-----------------------------------
第38轮总训练用时：132.9289674758911s
参数测试耗时：312.81s
不安全域:Zones:{shape:box, center:[2.72901998 2.72901998 2.72901998 2.72901998 2.72901998 2.72901998
 2.72901998 2.72901998 2.72901998], r:0.08999999999999977, low:[2.62901998 2.62901998 2.62901998 2.62901998 2.62901998 2.62901998
 2.62901998 2.62901998 2.62901998], up:[2.82901998 2.82901998 2.82901998 2.82901998 2.82901998 2.82901998
 2.82901998 2.82901998 2.82901998]}
安全区域:Zones:{shape:box, center:[0.69125678 0.69125678 0.69125678 0.69125678 0.69125678 0.69125678
 0.69125678 0.69125678 0.69125678], r:0.0009000000000000015, low:[0.68125678 0.68125678 0.68125678 0.68125678 0.68125678 0.68125678
 0.68125678 0.68125678 0.68125678], up:[0.70125678 0.70125678 0.70125678 0.70125678 0.70125678 0.70125678
 0.70125678 0.70125678 0.70125678]}
-----------------------------------
第39轮总训练用时：134.27228903770447s
参数测试耗时：91.47s
不安全域:Zones:{shape:box, center:[2.86257092 2.86257092 2.86257092 2.86257092 2.86257092 2.86257092
 2.86257092 2.86257092 2.86257092], r:0.09000000000000016, low:[2.76257092 2.76257092 2.76257092 2.76257092 2.76257092 2.76257092
 2.76257092 2.76257092 2.76257092], up:[2.96257092 2.96257092 2.96257092 2.96257092 2.96257092 2.96257092
 2.96257092 2.96257092 2.96257092]}
安全区域:Zones:{shape:box, center:[0.2439566 0.2439566 0.2439566 0.2439566 0.2439566 0.2439566 0.2439566
 0.2439566 0.2439566], r:0.0009000000000000015, low:[0.2339566 0.2339566 0.2339566 0.2339566 0.2339566 0.2339566 0.2339566
 0.2339566 0.2339566], up:[0.2539566 0.2539566 0.2539566 0.2539566 0.2539566 0.2539566 0.2539566
 0.2539566 0.2539566]}
-----------------------------------
第40轮总训练用时：136.71554112434387s
参数测试耗时：318.51s
不安全域:Zones:{shape:box, center:[2.58992365 2.58992365 2.58992365 2.58992365 2.58992365 2.58992365
 2.58992365 2.58992365 2.58992365], r:0.09000000000000016, low:[2.48992365 2.48992365 2.48992365 2.48992365 2.48992365 2.48992365
 2.48992365 2.48992365 2.48992365], up:[2.68992365 2.68992365 2.68992365 2.68992365 2.68992365 2.68992365
 2.68992365 2.68992365 2.68992365]}
安全区域:Zones:{shape:box, center:[0.84353791 0.84353791 0.84353791 0.84353791 0.84353791 0.84353791
 0.84353791 0.84353791 0.84353791], r:0.0009000000000000015, low:[0.83353791 0.83353791 0.83353791 0.83353791 0.83353791 0.83353791
 0.83353791 0.83353791 0.83353791], up:[0.85353791 0.85353791 0.85353791 0.85353791 0.85353791 0.85353791
 0.85353791 0.85353791 0.85353791]}
-----------------------------------
第41轮总训练用时：115.34839010238647s
参数测试耗时：85.89s
不安全域:Zones:{shape:box, center:[2.44120769 2.44120769 2.44120769 2.44120769 2.44120769 2.44120769
 2.44120769 2.44120769 2.44120769], r:0.09000000000000016, low:[2.34120769 2.34120769 2.34120769 2.34120769 2.34120769 2.34120769
 2.34120769 2.34120769 2.34120769], up:[2.54120769 2.54120769 2.54120769 2.54120769 2.54120769 2.54120769
 2.54120769 2.54120769 2.54120769]}
安全区域:Zones:{shape:box, center:[0.2657364 0.2657364 0.2657364 0.2657364 0.2657364 0.2657364 0.2657364
 0.2657364 0.2657364], r:0.0009000000000000015, low:[0.2557364 0.2557364 0.2557364 0.2557364 0.2557364 0.2557364 0.2557364
 0.2557364 0.2557364], up:[0.2757364 0.2757364 0.2757364 0.2757364 0.2757364 0.2757364 0.2757364
 0.2757364 0.2757364]}
-----------------------------------
第42轮总训练用时：137.2910966873169s
参数测试耗时：103.74s
不安全域:Zones:{shape:box, center:[2.55643381 2.55643381 2.55643381 2.55643381 2.55643381 2.55643381
 2.55643381 2.55643381 2.55643381], r:0.09000000000000016, low:[2.45643381 2.45643381 2.45643381 2.45643381 2.45643381 2.45643381
 2.45643381 2.45643381 2.45643381], up:[2.65643381 2.65643381 2.65643381 2.65643381 2.65643381 2.65643381
 2.65643381 2.65643381 2.65643381]}
安全区域:Zones:{shape:box, center:[0.53312778 0.53312778 0.53312778 0.53312778 0.53312778 0.53312778
 0.53312778 0.53312778 0.53312778], r:0.0009000000000000015, low:[0.52312778 0.52312778 0.52312778 0.52312778 0.52312778 0.52312778
 0.52312778 0.52312778 0.52312778], up:[0.54312778 0.54312778 0.54312778 0.54312778 0.54312778 0.54312778
 0.54312778 0.54312778 0.54312778]}
-----------------------------------
第43轮总训练用时：134.99996209144592s
参数测试耗时：102.57s
不安全域:Zones:{shape:box, center:[2.16174623 2.16174623 2.16174623 2.16174623 2.16174623 2.16174623
 2.16174623 2.16174623 2.16174623], r:0.09000000000000016, low:[2.06174623 2.06174623 2.06174623 2.06174623 2.06174623 2.06174623
 2.06174623 2.06174623 2.06174623], up:[2.26174623 2.26174623 2.26174623 2.26174623 2.26174623 2.26174623
 2.26174623 2.26174623 2.26174623]}
安全区域:Zones:{shape:box, center:[0.30211557 0.30211557 0.30211557 0.30211557 0.30211557 0.30211557
 0.30211557 0.30211557 0.30211557], r:0.0009000000000000015, low:[0.29211557 0.29211557 0.29211557 0.29211557 0.29211557 0.29211557
 0.29211557 0.29211557 0.29211557], up:[0.31211557 0.31211557 0.31211557 0.31211557 0.31211557 0.31211557
 0.31211557 0.31211557 0.31211557]}
-----------------------------------
第44轮总训练用时：136.16451907157898s
参数测试耗时：160.5s
不安全域:Zones:{shape:box, center:[1.99930103 1.99930103 1.99930103 1.99930103 1.99930103 1.99930103
 1.99930103 1.99930103 1.99930103], r:0.08999999999999996, low:[1.89930103 1.89930103 1.89930103 1.89930103 1.89930103 1.89930103
 1.89930103 1.89930103 1.89930103], up:[2.09930103 2.09930103 2.09930103 2.09930103 2.09930103 2.09930103
 2.09930103 2.09930103 2.09930103]}
安全区域:Zones:{shape:box, center:[0.04334668 0.04334668 0.04334668 0.04334668 0.04334668 0.04334668
 0.04334668 0.04334668 0.04334668], r:0.0009000000000000015, low:[0.03334668 0.03334668 0.03334668 0.03334668 0.03334668 0.03334668
 0.03334668 0.03334668 0.03334668], up:[0.05334668 0.05334668 0.05334668 0.05334668 0.05334668 0.05334668
 0.05334668 0.05334668 0.05334668]}
-----------------------------------
第45轮总训练用时：140.71171760559082s
参数测试耗时：73.05s
不安全域:Zones:{shape:box, center:[2.71593185 2.71593185 2.71593185 2.71593185 2.71593185 2.71593185
 2.71593185 2.71593185 2.71593185], r:0.09000000000000016, low:[2.61593185 2.61593185 2.61593185 2.61593185 2.61593185 2.61593185
 2.61593185 2.61593185 2.61593185], up:[2.81593185 2.81593185 2.81593185 2.81593185 2.81593185 2.81593185
 2.81593185 2.81593185 2.81593185]}
安全区域:Zones:{shape:box, center:[0.2312494 0.2312494 0.2312494 0.2312494 0.2312494 0.2312494 0.2312494
 0.2312494 0.2312494], r:0.0009000000000000015, low:[0.2212494 0.2212494 0.2212494 0.2212494 0.2212494 0.2212494 0.2212494
 0.2212494 0.2212494], up:[0.2412494 0.2412494 0.2412494 0.2412494 0.2412494 0.2412494 0.2412494
 0.2412494 0.2412494]}
-----------------------------------
第46轮总训练用时：118.22438311576843s
参数测试耗时：89.02s
不安全域:Zones:{shape:box, center:[2.04660238 2.04660238 2.04660238 2.04660238 2.04660238 2.04660238
 2.04660238 2.04660238 2.04660238], r:0.08999999999999996, low:[1.94660238 1.94660238 1.94660238 1.94660238 1.94660238 1.94660238
 1.94660238 1.94660238 1.94660238], up:[2.14660238 2.14660238 2.14660238 2.14660238 2.14660238 2.14660238
 2.14660238 2.14660238 2.14660238]}
安全区域:Zones:{shape:box, center:[0.919779 0.919779 0.919779 0.919779 0.919779 0.919779 0.919779 0.919779
 0.919779], r:0.0009000000000000015, low:[0.909779 0.909779 0.909779 0.909779 0.909779 0.909779 0.909779 0.909779
 0.909779], up:[0.929779 0.929779 0.929779 0.929779 0.929779 0.929779 0.929779 0.929779
 0.929779]}
-----------------------------------
第47轮总训练用时：136.9126172065735s
参数测试耗时：157.53s
不安全域:Zones:{shape:box, center:[2.76939553 2.76939553 2.76939553 2.76939553 2.76939553 2.76939553
 2.76939553 2.76939553 2.76939553], r:0.08999999999999977, low:[2.66939553 2.66939553 2.66939553 2.66939553 2.66939553 2.66939553
 2.66939553 2.66939553 2.66939553], up:[2.86939553 2.86939553 2.86939553 2.86939553 2.86939553 2.86939553
 2.86939553 2.86939553 2.86939553]}
安全区域:Zones:{shape:box, center:[0.09291281 0.09291281 0.09291281 0.09291281 0.09291281 0.09291281
 0.09291281 0.09291281 0.09291281], r:0.0009000000000000015, low:[0.08291281 0.08291281 0.08291281 0.08291281 0.08291281 0.08291281
 0.08291281 0.08291281 0.08291281], up:[0.10291281 0.10291281 0.10291281 0.10291281 0.10291281 0.10291281
 0.10291281 0.10291281 0.10291281]}
-----------------------------------
第48轮总训练用时：132.7837734222412s
参数测试耗时：311.12s
不安全域:Zones:{shape:box, center:[2.42758379 2.42758379 2.42758379 2.42758379 2.42758379 2.42758379
 2.42758379 2.42758379 2.42758379], r:0.09000000000000016, low:[2.32758379 2.32758379 2.32758379 2.32758379 2.32758379 2.32758379
 2.32758379 2.32758379 2.32758379], up:[2.52758379 2.52758379 2.52758379 2.52758379 2.52758379 2.52758379
 2.52758379 2.52758379 2.52758379]}
安全区域:Zones:{shape:box, center:[0.80262515 0.80262515 0.80262515 0.80262515 0.80262515 0.80262515
 0.80262515 0.80262515 0.80262515], r:0.0009000000000000015, low:[0.79262515 0.79262515 0.79262515 0.79262515 0.79262515 0.79262515
 0.79262515 0.79262515 0.79262515], up:[0.81262515 0.81262515 0.81262515 0.81262515 0.81262515 0.81262515
 0.81262515 0.81262515 0.81262515]}
-----------------------------------
