第0轮总训练用时：98.5040020942688s
安全轨迹数：50
参数测试耗时：40.27s
不安全域:Zones:{shape:box, center:[-0.74375605 -0.74375605 -0.74375605 -0.74375605 -0.74375605 -0.74375605
 -0.74375605 -0.74375605 -0.74375605 -0.74375605 -0.74375605 -0.74375605], r:0.7879315652385143, low:[-1 -1 -1 -1 -1 -1 -1 -1 -1 -1 -1 -1], up:[-0.48751209 -0.48751209 -0.48751209 -0.48751209 -0.48751209 -0.48751209
 -0.48751209 -0.48751209 -0.48751209 -0.48751209 -0.48751209 -0.48751209]}
安全区域:Zones:{shape:box, center:[1.49375605 1.49375605 1.49375605 1.49375605 1.49375605 1.49375605
 1.49375605 1.49375605 1.49375605 1.49375605 1.49375605 1.49375605], r:3.075395286994428, low:[0.98751209 0.98751209 0.98751209 0.98751209 0.98751209 0.98751209
 0.98751209 0.98751209 0.98751209 0.98751209 0.98751209 0.98751209], up:[2 2 2 2 2 2 2 2 2 2 2 2]}
-----------------------------------
第1轮总训练用时：96.34202075004578s
安全轨迹数：50
参数测试耗时：53.72s
不安全域:Zones:{shape:box, center:[-0.34133862 -0.34133862 -0.34133862 -0.34133862 -0.34133862 -0.34133862
 -0.34133862 -0.34133862 -0.34133862 -0.34133862 -0.34133862 -0.34133862], r:5.206017732688206, low:[-1 -1 -1 -1 -1 -1 -1 -1 -1 -1 -1 -1], up:[0.31732276 0.31732276 0.31732276 0.31732276 0.31732276 0.31732276
 0.31732276 0.31732276 0.31732276 0.31732276 0.31732276 0.31732276]}
安全区域:Zones:{shape:box, center:[1.09133862 1.09133862 1.09133862 1.09133862 1.09133862 1.09133862
 1.09133862 1.09133862 1.09133862 1.09133862 1.09133862 1.09133862], r:9.907986001546726, low:[0.18267724 0.18267724 0.18267724 0.18267724 0.18267724 0.18267724
 0.18267724 0.18267724 0.18267724 0.18267724 0.18267724 0.18267724], up:[2 2 2 2 2 2 2 2 2 2 2 2]}
-----------------------------------
第2轮总训练用时：95.68996214866638s
安全轨迹数：50
参数测试耗时：222.69s
不安全域:Zones:{shape:box, center:[ 0.7815975  0.7815975  0.7815975  1.5315975  1.5315975  1.5315975
  1.5315975 -1.4815975  1.4815975  1.4815975 -0.3184025  1.7315975], r:10.929868497153516, low:[ 0.   0.   0.   0.5  0.5  0.5  0.5 -1.5  0.5  0.5 -1.5  0.5], up:[ 1.56319499  1.56319499  1.56319499  2.56319499  2.56319499  2.56319499
  2.56319499 -1.46319499  2.46319499  2.46319499  0.86319499  2.96319499]}
安全区域:Zones:{shape:box, center:[0.0337697 0.0337697 0.0337697 0.0337697 0.0337697 0.0337697 0.0337697
 0.0337697 0.0337697 0.0337697 0.0337697 0.0337697], r:0.05263743247283495, low:[-0.0324606 -0.0324606 -0.0324606 -0.0324606 -0.0324606 -0.0324606
 -0.0324606 -0.0324606 -0.0324606 -0.0324606 -0.0324606 -0.0324606], up:[0.1 0.1 0.1 0.1 0.1 0.1 0.1 0.1 0.1 0.1 0.1 0.1]}
-----------------------------------
第3轮总训练用时：95.27533483505249s
安全轨迹数：50
参数测试耗时：224.43s
不安全域:Zones:{shape:box, center:[ 0.71214904  0.71214904  0.71214904  1.46214904  1.46214904  1.46214904
  1.46214904 -1.41214904  1.41214904  1.41214904 -0.38785096  1.66214904], r:9.483607205174852, low:[ 0.   0.   0.   0.5  0.5  0.5  0.5 -1.5  0.5  0.5 -1.5  0.5], up:[ 1.42429807  1.42429807  1.42429807  2.42429807  2.42429807  2.42429807
  2.42429807 -1.32429807  2.32429807  2.32429807  0.72429807  2.82429807]}
安全区域:Zones:{shape:box, center:[0.03157269 0.03157269 0.03157269 0.03157269 0.03157269 0.03157269
 0.03157269 0.03157269 0.03157269 0.03157269 0.03157269 0.03157269], r:0.056187560927200814, low:[-0.03685462 -0.03685462 -0.03685462 -0.03685462 -0.03685462 -0.03685462
 -0.03685462 -0.03685462 -0.03685462 -0.03685462 -0.03685462 -0.03685462], up:[0.1 0.1 0.1 0.1 0.1 0.1 0.1 0.1 0.1 0.1 0.1 0.1]}
-----------------------------------
第4轮总训练用时：98.28563737869263s
安全轨迹数：50
参数测试耗时：64.33s
不安全域:Zones:{shape:box, center:[-0.30005367 -0.30005367 -0.30005367 -0.30005367 -0.30005367 -0.30005367
 -0.30005367 -0.30005367 -0.30005367 -0.30005367 -0.30005367 -0.30005367], r:5.879098409376296, low:[-1 -1 -1 -1 -1 -1 -1 -1 -1 -1 -1 -1], up:[0.39989266 0.39989266 0.39989266 0.39989266 0.39989266 0.39989266
 0.39989266 0.39989266 0.39989266 0.39989266 0.39989266 0.39989266]}
安全区域:Zones:{shape:box, center:[1.05005367 1.05005367 1.05005367 1.05005367 1.05005367 1.05005367
 1.05005367 1.05005367 1.05005367 1.05005367 1.05005367 1.05005367], r:10.828776400380951, low:[0.10010734 0.10010734 0.10010734 0.10010734 0.10010734 0.10010734
 0.10010734 0.10010734 0.10010734 0.10010734 0.10010734 0.10010734], up:[2 2 2 2 2 2 2 2 2 2 2 2]}
-----------------------------------
第5轮总训练用时：101.94884896278381s
安全轨迹数：50
参数测试耗时：50.41s
不安全域:Zones:{shape:box, center:[-0.50445505 -0.50445505 -0.50445505 -0.50445505 -0.50445505 -0.50445505
 -0.50445505 -0.50445505 -0.50445505 -0.50445505 -0.50445505 -0.50445505], r:2.9467775786512056, low:[-1 -1 -1 -1 -1 -1 -1 -1 -1 -1 -1 -1], up:[-0.0089101 -0.0089101 -0.0089101 -0.0089101 -0.0089101 -0.0089101
 -0.0089101 -0.0089101 -0.0089101 -0.0089101 -0.0089101 -0.0089101]}
安全区域:Zones:{shape:box, center:[1.25445505 1.25445505 1.25445505 1.25445505 1.25445505 1.25445505
 1.25445505 1.25445505 1.25445505 1.25445505 1.25445505 1.25445505], r:6.6700472831942745, low:[0.5089101 0.5089101 0.5089101 0.5089101 0.5089101 0.5089101 0.5089101
 0.5089101 0.5089101 0.5089101 0.5089101 0.5089101], up:[2 2 2 2 2 2 2 2 2 2 2 2]}
-----------------------------------
第6轮总训练用时：98.04466128349304s
安全轨迹数：50
参数测试耗时：222.25s
不安全域:Zones:{shape:box, center:[ 0.56809062  0.56809062  0.56809062  1.31809062  1.31809062  1.31809062
  1.31809062 -1.26809062  1.26809062  1.26809062 -0.53190938  1.51809062], r:6.852686148646372, low:[ 0.   0.   0.   0.5  0.5  0.5  0.5 -1.5  0.5  0.5 -1.5  0.5], up:[ 1.13618123  1.13618123  1.13618123  2.13618123  2.13618123  2.13618123
  2.13618123 -1.03618123  2.03618123  2.03618123  0.43618123  2.53618123]}
安全区域:Zones:{shape:box, center:[0.04287139 0.04287139 0.04287139 0.04287139 0.04287139 0.04287139
 0.04287139 0.04287139 0.04287139 0.04287139 0.04287139 0.04287139], r:0.039164140426838474, low:[-0.01425723 -0.01425723 -0.01425723 -0.01425723 -0.01425723 -0.01425723
 -0.01425723 -0.01425723 -0.01425723 -0.01425723 -0.01425723 -0.01425723], up:[0.1 0.1 0.1 0.1 0.1 0.1 0.1 0.1 0.1 0.1 0.1 0.1]}
-----------------------------------
第7轮总训练用时：96.47735571861267s
安全轨迹数：50
参数测试耗时：219.37s
不安全域:Zones:{shape:box, center:[ 0.43133178  0.43133178  0.43133178  1.18133178  1.18133178  1.18133178
  1.18133178 -1.13133178  1.13133178  1.13133178 -0.66866822  1.38133178], r:4.815927363410261, low:[ 0.   0.   0.   0.5  0.5  0.5  0.5 -1.5  0.5  0.5 -1.5  0.5], up:[ 0.86266355  0.86266355  0.86266355  1.86266355  1.86266355  1.86266355
  1.86266355 -0.76266355  1.76266355  1.76266355  0.16266355  2.26266355]}
安全区域:Zones:{shape:box, center:[0.01829671 0.01829671 0.01829671 0.01829671 0.01829671 0.01829671
 0.01829671 0.01829671 0.01829671 0.01829671 0.01829671 0.01829671], r:0.08010513475273283, low:[-0.06340658 -0.06340658 -0.06340658 -0.06340658 -0.06340658 -0.06340658
 -0.06340658 -0.06340658 -0.06340658 -0.06340658 -0.06340658 -0.06340658], up:[0.1 0.1 0.1 0.1 0.1 0.1 0.1 0.1 0.1 0.1 0.1 0.1]}
-----------------------------------
第8轮总训练用时：96.98412537574768s
安全轨迹数：50
参数测试耗时：227.82s
不安全域:Zones:{shape:box, center:[ 0.75361015  0.75361015  0.75361015  1.50361015  1.50361015  1.50361015
  1.50361015 -1.45361015  1.45361015  1.45361015 -0.34638985  1.70361015], r:10.333108539193097, low:[ 0.   0.   0.   0.5  0.5  0.5  0.5 -1.5  0.5  0.5 -1.5  0.5], up:[ 1.5072203  1.5072203  1.5072203  2.5072203  2.5072203  2.5072203
  2.5072203 -1.4072203  2.4072203  2.4072203  0.8072203  2.9072203]}
安全区域:Zones:{shape:box, center:[0.01407618 0.01407618 0.01407618 0.01407618 0.01407618 0.01407618
 0.01407618 0.01407618 0.01407618 0.01407618 0.01407618 0.01407618], r:0.08859483872686104, low:[-0.07184764 -0.07184764 -0.07184764 -0.07184764 -0.07184764 -0.07184764
 -0.07184764 -0.07184764 -0.07184764 -0.07184764 -0.07184764 -0.07184764], up:[0.1 0.1 0.1 0.1 0.1 0.1 0.1 0.1 0.1 0.1 0.1 0.1]}
-----------------------------------
第9轮总训练用时：100.32469177246094s
安全轨迹数：50
参数测试耗时：52.11s
不安全域:Zones:{shape:box, center:[-0.51845445 -0.51845445 -0.51845445 -0.51845445 -0.51845445 -0.51845445
 -0.51845445 -0.51845445 -0.51845445 -0.51845445 -0.51845445 -0.51845445], r:2.782633452607611, low:[-1 -1 -1 -1 -1 -1 -1 -1 -1 -1 -1 -1], up:[-0.03690889 -0.03690889 -0.03690889 -0.03690889 -0.03690889 -0.03690889
 -0.03690889 -0.03690889 -0.03690889 -0.03690889 -0.03690889 -0.03690889]}
安全区域:Zones:{shape:box, center:[1.26845445 1.26845445 1.26845445 1.26845445 1.26845445 1.26845445
 1.26845445 1.26845445 1.26845445 1.26845445 1.26845445 1.26845445], r:6.421906779557287, low:[0.53690889 0.53690889 0.53690889 0.53690889 0.53690889 0.53690889
 0.53690889 0.53690889 0.53690889 0.53690889 0.53690889 0.53690889], up:[2 2 2 2 2 2 2 2 2 2 2 2]}
-----------------------------------
第10轮总训练用时：100.66595411300659s
安全轨迹数：50
参数测试耗时：226.56s
不安全域:Zones:{shape:box, center:[ 0.55038071  0.55038071  0.55038071  1.30038071  1.30038071  1.30038071
  1.30038071 -1.25038071  1.25038071  1.25038071 -0.54961929  1.50038071], r:6.563631098468178, low:[ 0.   0.   0.   0.5  0.5  0.5  0.5 -1.5  0.5  0.5 -1.5  0.5], up:[ 1.10076141  1.10076141  1.10076141  2.10076141  2.10076141  2.10076141
  2.10076141 -1.00076141  2.00076141  2.00076141  0.40076141  2.50076141]}
安全区域:Zones:{shape:box, center:[0.00720311 0.00720311 0.00720311 0.00720311 0.00720311 0.00720311
 0.00720311 0.00720311 0.00720311 0.00720311 0.00720311 0.00720311], r:0.10333514397690742, low:[-0.08559377 -0.08559377 -0.08559377 -0.08559377 -0.08559377 -0.08559377
 -0.08559377 -0.08559377 -0.08559377 -0.08559377 -0.08559377 -0.08559377], up:[0.1 0.1 0.1 0.1 0.1 0.1 0.1 0.1 0.1 0.1 0.1 0.1]}
-----------------------------------
第11轮总训练用时：98.49697208404541s
安全轨迹数：50
参数测试耗时：228.36s
不安全域:Zones:{shape:box, center:[ 0.55363614  0.55363614  0.55363614  1.30363614  1.30363614  1.30363614
  1.30363614 -1.25363614  1.25363614  1.25363614 -0.54636386  1.50363614], r:6.6162004619238015, low:[ 0.   0.   0.   0.5  0.5  0.5  0.5 -1.5  0.5  0.5 -1.5  0.5], up:[ 1.10727227  1.10727227  1.10727227  2.10727227  2.10727227  2.10727227
  2.10727227 -1.00727227  2.00727227  2.00727227  0.40727227  2.50727227]}
安全区域:Zones:{shape:box, center:[0.0115478 0.0115478 0.0115478 0.0115478 0.0115478 0.0115478 0.0115478
 0.0115478 0.0115478 0.0115478 0.0115478 0.0115478], r:0.0938855090901885, low:[-0.07690441 -0.07690441 -0.07690441 -0.07690441 -0.07690441 -0.07690441
 -0.07690441 -0.07690441 -0.07690441 -0.07690441 -0.07690441 -0.07690441], up:[0.1 0.1 0.1 0.1 0.1 0.1 0.1 0.1 0.1 0.1 0.1 0.1]}
-----------------------------------
第12轮总训练用时：99.4850001335144s
安全轨迹数：50
参数测试耗时：46.57s
不安全域:Zones:{shape:box, center:[-0.6439577 -0.6439577 -0.6439577 -0.6439577 -0.6439577 -0.6439577
 -0.6439577 -0.6439577 -0.6439577 -0.6439577 -0.6439577 -0.6439577], r:1.5211934026871818, low:[-1 -1 -1 -1 -1 -1 -1 -1 -1 -1 -1 -1], up:[-0.28791541 -0.28791541 -0.28791541 -0.28791541 -0.28791541 -0.28791541
 -0.28791541 -0.28791541 -0.28791541 -0.28791541 -0.28791541 -0.28791541]}
安全区域:Zones:{shape:box, center:[1.3939577 1.3939577 1.3939577 1.3939577 1.3939577 1.3939577 1.3939577
 1.3939577 1.3939577 1.3939577 1.3939577 1.3939577], r:4.407447181633295, low:[0.78791541 0.78791541 0.78791541 0.78791541 0.78791541 0.78791541
 0.78791541 0.78791541 0.78791541 0.78791541 0.78791541 0.78791541], up:[2 2 2 2 2 2 2 2 2 2 2 2]}
-----------------------------------
第13轮总训练用时：99.76236367225647s
安全轨迹数：50
参数测试耗时：42.55s
不安全域:Zones:{shape:box, center:[-0.71633582 -0.71633582 -0.71633582 -0.71633582 -0.71633582 -0.71633582
 -0.71633582 -0.71633582 -0.71633582 -0.71633582 -0.71633582 -0.71633582], r:0.965584437339794, low:[-1 -1 -1 -1 -1 -1 -1 -1 -1 -1 -1 -1], up:[-0.43267163 -0.43267163 -0.43267163 -0.43267163 -0.43267163 -0.43267163
 -0.43267163 -0.43267163 -0.43267163 -0.43267163 -0.43267163 -0.43267163]}
安全区域:Zones:{shape:box, center:[1.46633582 1.46633582 1.46633582 1.46633582 1.46633582 1.46633582
 1.46633582 1.46633582 1.46633582 1.46633582 1.46633582 1.46633582], r:3.417569546563543, low:[0.93267163 0.93267163 0.93267163 0.93267163 0.93267163 0.93267163
 0.93267163 0.93267163 0.93267163 0.93267163 0.93267163 0.93267163], up:[2 2 2 2 2 2 2 2 2 2 2 2]}
-----------------------------------
第14轮总训练用时：98.31786012649536s
安全轨迹数：50
参数测试耗时：60.65s
不安全域:Zones:{shape:box, center:[-0.32190562 -0.32190562 -0.32190562 -0.32190562 -0.32190562 -0.32190562
 -0.32190562 -0.32190562 -0.32190562 -0.32190562 -0.32190562 -0.32190562], r:5.517743917512824, low:[-1 -1 -1 -1 -1 -1 -1 -1 -1 -1 -1 -1], up:[0.35618877 0.35618877 0.35618877 0.35618877 0.35618877 0.35618877
 0.35618877 0.35618877 0.35618877 0.35618877 0.35618877 0.35618877]}
安全区域:Zones:{shape:box, center:[1.07190562 1.07190562 1.07190562 1.07190562 1.07190562 1.07190562
 1.07190562 1.07190562 1.07190562 1.07190562 1.07190562 1.07190562], r:10.336310219361485, low:[0.14381123 0.14381123 0.14381123 0.14381123 0.14381123 0.14381123
 0.14381123 0.14381123 0.14381123 0.14381123 0.14381123 0.14381123], up:[2 2 2 2 2 2 2 2 2 2 2 2]}
-----------------------------------
第15轮总训练用时：96.22853016853333s
安全轨迹数：50
参数测试耗时：46.62s
不安全域:Zones:{shape:box, center:[-0.60512863 -0.60512863 -0.60512863 -0.60512863 -0.60512863 -0.60512863
 -0.60512863 -0.60512863 -0.60512863 -0.60512863 -0.60512863 -0.60512863], r:1.8710807531984275, low:[-1 -1 -1 -1 -1 -1 -1 -1 -1 -1 -1 -1], up:[-0.21025727 -0.21025727 -0.21025727 -0.21025727 -0.21025727 -0.21025727
 -0.21025727 -0.21025727 -0.21025727 -0.21025727 -0.21025727 -0.21025727]}
安全区域:Zones:{shape:box, center:[1.35512863 1.35512863 1.35512863 1.35512863 1.35512863 1.35512863
 1.35512863 1.35512863 1.35512863 1.35512863 1.35512863 1.35512863], r:4.990308952337397, low:[0.71025727 0.71025727 0.71025727 0.71025727 0.71025727 0.71025727
 0.71025727 0.71025727 0.71025727 0.71025727 0.71025727 0.71025727], up:[2 2 2 2 2 2 2 2 2 2 2 2]}
-----------------------------------
第16轮总训练用时：97.46088695526123s
安全轨迹数：50
参数测试耗时：222.49s
不安全域:Zones:{shape:box, center:[ 0.59338705  0.59338705  0.59338705  1.34338705  1.34338705  1.34338705
  1.34338705 -1.29338705  1.29338705  1.29338705 -0.50661295  1.54338705], r:7.278620759049691, low:[ 0.   0.   0.   0.5  0.5  0.5  0.5 -1.5  0.5  0.5 -1.5  0.5], up:[ 1.1867741  1.1867741  1.1867741  2.1867741  2.1867741  2.1867741
  2.1867741 -1.0867741  2.0867741  2.0867741  0.4867741  2.5867741]}
安全区域:Zones:{shape:box, center:[0.01440133 0.01440133 0.01440133 0.01440133 0.01440133 0.01440133
 0.01440133 0.01440133 0.01440133 0.01440133 0.01440133 0.01440133], r:0.08792558586234862, low:[-0.07119734 -0.07119734 -0.07119734 -0.07119734 -0.07119734 -0.07119734
 -0.07119734 -0.07119734 -0.07119734 -0.07119734 -0.07119734 -0.07119734], up:[0.1 0.1 0.1 0.1 0.1 0.1 0.1 0.1 0.1 0.1 0.1 0.1]}
-----------------------------------
第17轮总训练用时：97.5245418548584s
安全轨迹数：50
参数测试耗时：50.09s
不安全域:Zones:{shape:box, center:[-0.43036069 -0.43036069 -0.43036069 -0.43036069 -0.43036069 -0.43036069
 -0.43036069 -0.43036069 -0.43036069 -0.43036069 -0.43036069 -0.43036069], r:3.89386730963102, low:[-1 -1 -1 -1 -1 -1 -1 -1 -1 -1 -1 -1], up:[0.13927862 0.13927862 0.13927862 0.13927862 0.13927862 0.13927862
 0.13927862 0.13927862 0.13927862 0.13927862 0.13927862 0.13927862]}
安全区域:Zones:{shape:box, center:[1.18036069 1.18036069 1.18036069 1.18036069 1.18036069 1.18036069
 1.18036069 1.18036069 1.18036069 1.18036069 1.18036069 1.18036069], r:8.061703164216938, low:[0.36072138 0.36072138 0.36072138 0.36072138 0.36072138 0.36072138
 0.36072138 0.36072138 0.36072138 0.36072138 0.36072138 0.36072138], up:[2 2 2 2 2 2 2 2 2 2 2 2]}
-----------------------------------
第18轮总训练用时：96.47475814819336s
安全轨迹数：50
参数测试耗时：232.55s
不安全域:Zones:{shape:box, center:[ 0.65245295  0.65245295  0.65245295  1.40245295  1.40245295  1.40245295
  1.40245295 -1.35245295  1.35245295  1.35245295 -0.44754705  1.60245295], r:8.332951747426074, low:[ 0.   0.   0.   0.5  0.5  0.5  0.5 -1.5  0.5  0.5 -1.5  0.5], up:[ 1.3049059  1.3049059  1.3049059  2.3049059  2.3049059  2.3049059
  2.3049059 -1.2049059  2.2049059  2.2049059  0.6049059  2.7049059]}
安全区域:Zones:{shape:box, center:[0.04915897 0.04915897 0.04915897 0.04915897 0.04915897 0.04915897
 0.04915897 0.04915897 0.04915897 0.04915897 0.04915897 0.04915897], r:0.031017721277386903, low:[-0.00168206 -0.00168206 -0.00168206 -0.00168206 -0.00168206 -0.00168206
 -0.00168206 -0.00168206 -0.00168206 -0.00168206 -0.00168206 -0.00168206], up:[0.1 0.1 0.1 0.1 0.1 0.1 0.1 0.1 0.1 0.1 0.1 0.1]}
-----------------------------------
第19轮总训练用时：99.04055738449097s
安全轨迹数：50
参数测试耗时：54.76s
不安全域:Zones:{shape:box, center:[-0.42434781 -0.42434781 -0.42434781 -0.42434781 -0.42434781 -0.42434781
 -0.42434781 -0.42434781 -0.42434781 -0.42434781 -0.42434781 -0.42434781], r:3.9765052932160896, low:[-1 -1 -1 -1 -1 -1 -1 -1 -1 -1 -1 -1], up:[0.15130438 0.15130438 0.15130438 0.15130438 0.15130438 0.15130438
 0.15130438 0.15130438 0.15130438 0.15130438 0.15130438 0.15130438]}
安全区域:Zones:{shape:box, center:[1.17434781 1.17434781 1.17434781 1.17434781 1.17434781 1.17434781
 1.17434781 1.17434781 1.17434781 1.17434781 1.17434781 1.17434781], r:8.180418418882146, low:[0.34869562 0.34869562 0.34869562 0.34869562 0.34869562 0.34869562
 0.34869562 0.34869562 0.34869562 0.34869562 0.34869562 0.34869562], up:[2 2 2 2 2 2 2 2 2 2 2 2]}
-----------------------------------
第20轮总训练用时：98.67135334014893s
安全轨迹数：50
参数测试耗时：224.25s
不安全域:Zones:{shape:box, center:[ 0.3587542  0.3587542  0.3587542  1.1087542  1.1087542  1.1087542
  1.1087542 -1.0587542  1.0587542  1.0587542 -0.7412458  1.3087542], r:3.9173420666595904, low:[ 0.   0.   0.   0.5  0.5  0.5  0.5 -1.5  0.5  0.5 -1.5  0.5], up:[ 0.7175084  0.7175084  0.7175084  1.7175084  1.7175084  1.7175084
  1.7175084 -0.6175084  1.6175084  1.6175084  0.0175084  2.1175084]}
安全区域:Zones:{shape:box, center:[0.01731648 0.01731648 0.01731648 0.01731648 0.01731648 0.01731648
 0.01731648 0.01731648 0.01731648 0.01731648 0.01731648 0.01731648], r:0.08203876773073315, low:[-0.06536703 -0.06536703 -0.06536703 -0.06536703 -0.06536703 -0.06536703
 -0.06536703 -0.06536703 -0.06536703 -0.06536703 -0.06536703 -0.06536703], up:[0.1 0.1 0.1 0.1 0.1 0.1 0.1 0.1 0.1 0.1 0.1 0.1]}
-----------------------------------
第21轮总训练用时：100.06072616577148s
安全轨迹数：50
参数测试耗时：226.17s
不安全域:Zones:{shape:box, center:[ 0.49887254  0.49887254  0.49887254  1.24887254  1.24887254  1.24887254
  1.24887254 -1.19887254  1.19887254  1.19887254 -0.60112746  1.44887254], r:5.765716128659793, low:[ 0.   0.   0.   0.5  0.5  0.5  0.5 -1.5  0.5  0.5 -1.5  0.5], up:[ 0.99774508  0.99774508  0.99774508  1.99774508  1.99774508  1.99774508
  1.99774508 -0.89774508  1.89774508  1.89774508  0.29774508  2.39774508]}
安全区域:Zones:{shape:box, center:[0.00173475 0.00173475 0.00173475 0.00173475 0.00173475 0.00173475
 0.00173475 0.00173475 0.00173475 0.00173475 0.00173475 0.00173475], r:0.1158727009975438, low:[-0.09653049 -0.09653049 -0.09653049 -0.09653049 -0.09653049 -0.09653049
 -0.09653049 -0.09653049 -0.09653049 -0.09653049 -0.09653049 -0.09653049], up:[0.1 0.1 0.1 0.1 0.1 0.1 0.1 0.1 0.1 0.1 0.1 0.1]}
-----------------------------------
第22轮总训练用时：100.1521565914154s
安全轨迹数：50
参数测试耗时：56.57s
不安全域:Zones:{shape:box, center:[-0.29409408 -0.29409408 -0.29409408 -0.29409408 -0.29409408 -0.29409408
 -0.29409408 -0.29409408 -0.29409408 -0.29409408 -0.29409408 -0.29409408], r:5.97963793302089, low:[-1 -1 -1 -1 -1 -1 -1 -1 -1 -1 -1 -1], up:[0.41181183 0.41181183 0.41181183 0.41181183 0.41181183 0.41181183
 0.41181183 0.41181183 0.41181183 0.41181183 0.41181183 0.41181183]}
安全区域:Zones:{shape:box, center:[1.04409408 1.04409408 1.04409408 1.04409408 1.04409408 1.04409408
 1.04409408 1.04409408 1.04409408 1.04409408 1.04409408 1.04409408], r:10.965073424096476, low:[0.08818817 0.08818817 0.08818817 0.08818817 0.08818817 0.08818817
 0.08818817 0.08818817 0.08818817 0.08818817 0.08818817 0.08818817], up:[2 2 2 2 2 2 2 2 2 2 2 2]}
-----------------------------------
第23轮总训练用时：99.26334428787231s
安全轨迹数：50
参数测试耗时：227.14s
不安全域:Zones:{shape:box, center:[ 0.65866813  0.65866813  0.65866813  1.40866813  1.40866813  1.40866813
  1.40866813 -1.35866813  1.35866813  1.35866813 -0.44133187  1.60866813], r:8.448762115237553, low:[ 0.   0.   0.   0.5  0.5  0.5  0.5 -1.5  0.5  0.5 -1.5  0.5], up:[ 1.31733627  1.31733627  1.31733627  2.31733627  2.31733627  2.31733627
  2.31733627 -1.21733627  2.21733627  2.21733627  0.61733627  2.71733627]}
安全区域:Zones:{shape:box, center:[0.04804728 0.04804728 0.04804728 0.04804728 0.04804728 0.04804728
 0.04804728 0.04804728 0.04804728 0.04804728 0.04804728 0.04804728], r:0.03238902702174215, low:[-0.00390545 -0.00390545 -0.00390545 -0.00390545 -0.00390545 -0.00390545
 -0.00390545 -0.00390545 -0.00390545 -0.00390545 -0.00390545 -0.00390545], up:[0.1 0.1 0.1 0.1 0.1 0.1 0.1 0.1 0.1 0.1 0.1 0.1]}
-----------------------------------
第24轮总训练用时：97.52060961723328s
安全轨迹数：50
参数测试耗时：227.6s
不安全域:Zones:{shape:box, center:[ 0.44976263  0.44976263  0.44976263  1.19976263  1.19976263  1.19976263
  1.19976263 -1.14976263  1.14976263  1.14976263 -0.65023737  1.39976263], r:5.064248707825676, low:[ 0.   0.   0.   0.5  0.5  0.5  0.5 -1.5  0.5  0.5 -1.5  0.5], up:[ 0.89952526  0.89952526  0.89952526  1.89952526  1.89952526  1.89952526
  1.89952526 -0.79952526  1.79952526  1.79952526  0.19952526  2.29952526]}
安全区域:Zones:{shape:box, center:[0.04729506 0.04729506 0.04729506 0.04729506 0.04729506 0.04729506
 0.04729506 0.04729506 0.04729506 0.04729506 0.04729506 0.04729506], r:0.03333373211358471, low:[-0.00540989 -0.00540989 -0.00540989 -0.00540989 -0.00540989 -0.00540989
 -0.00540989 -0.00540989 -0.00540989 -0.00540989 -0.00540989 -0.00540989], up:[0.1 0.1 0.1 0.1 0.1 0.1 0.1 0.1 0.1 0.1 0.1 0.1]}
-----------------------------------
第25轮总训练用时：97.34109425544739s
安全轨迹数：50
参数测试耗时：225.74s
不安全域:Zones:{shape:box, center:[ 0.6377905  0.6377905  0.6377905  1.3877905  1.3877905  1.3877905
  1.3877905 -1.3377905  1.3377905  1.3377905 -0.4622095  1.5877905], r:8.063413165421364, low:[ 0.   0.   0.   0.5  0.5  0.5  0.5 -1.5  0.5  0.5 -1.5  0.5], up:[ 1.27558101  1.27558101  1.27558101  2.27558101  2.27558101  2.27558101
  2.27558101 -1.17558101  2.17558101  2.17558101  0.57558101  2.67558101]}
安全区域:Zones:{shape:box, center:[0.04654054 0.04654054 0.04654054 0.04654054 0.04654054 0.04654054
 0.04654054 0.04654054 0.04654054 0.04654054 0.04654054 0.04654054], r:0.034294968480200506, low:[-0.00691892 -0.00691892 -0.00691892 -0.00691892 -0.00691892 -0.00691892
 -0.00691892 -0.00691892 -0.00691892 -0.00691892 -0.00691892 -0.00691892], up:[0.1 0.1 0.1 0.1 0.1 0.1 0.1 0.1 0.1 0.1 0.1 0.1]}
-----------------------------------
第26轮总训练用时：97.32131886482239s
安全轨迹数：50
参数测试耗时：225.85s
不安全域:Zones:{shape:box, center:[ 0.69098912  0.69098912  0.69098912  1.44098912  1.44098912  1.44098912
  1.44098912 -1.39098912  1.39098912  1.39098912 -0.40901088  1.64098912], r:9.065960066284745, low:[ 0.   0.   0.   0.5  0.5  0.5  0.5 -1.5  0.5  0.5 -1.5  0.5], up:[ 1.38197825  1.38197825  1.38197825  2.38197825  2.38197825  2.38197825
  2.38197825 -1.28197825  2.28197825  2.28197825  0.68197825  2.78197825]}
安全区域:Zones:{shape:box, center:[0.01779742 0.01779742 0.01779742 0.01779742 0.01779742 0.01779742
 0.01779742 0.01779742 0.01779742 0.01779742 0.01779742 0.01779742], r:0.08108717848677292, low:[-0.06440517 -0.06440517 -0.06440517 -0.06440517 -0.06440517 -0.06440517
 -0.06440517 -0.06440517 -0.06440517 -0.06440517 -0.06440517 -0.06440517], up:[0.1 0.1 0.1 0.1 0.1 0.1 0.1 0.1 0.1 0.1 0.1 0.1]}
-----------------------------------
第27轮总训练用时：98.10945296287537s
安全轨迹数：50
参数测试耗时：223.23s
不安全域:Zones:{shape:box, center:[ 0.34529703  0.34529703  0.34529703  1.09529703  1.09529703  1.09529703
  1.09529703 -1.04529703  1.04529703  1.04529703 -0.75470297  1.29529703], r:3.7646218469841517, low:[ 0.   0.   0.   0.5  0.5  0.5  0.5 -1.5  0.5  0.5 -1.5  0.5], up:[ 0.69059406  0.69059406  0.69059406  1.69059406  1.69059406  1.69059406
  1.69059406 -0.59059406  1.59059406  1.59059406 -0.00940594  2.09059406]}
安全区域:Zones:{shape:box, center:[0.04364972 0.04364972 0.04364972 0.04364972 0.04364972 0.04364972
 0.04364972 0.04364972 0.04364972 0.04364972 0.04364972 0.04364972], r:0.03810425053190957, low:[-0.01270056 -0.01270056 -0.01270056 -0.01270056 -0.01270056 -0.01270056
 -0.01270056 -0.01270056 -0.01270056 -0.01270056 -0.01270056 -0.01270056], up:[0.1 0.1 0.1 0.1 0.1 0.1 0.1 0.1 0.1 0.1 0.1 0.1]}
-----------------------------------
第28轮总训练用时：98.18600296974182s
安全轨迹数：50
参数测试耗时：225.79s
不安全域:Zones:{shape:box, center:[ 0.39365386  0.39365386  0.39365386  1.14365386  1.14365386  1.14365386
  1.14365386 -1.09365386  1.09365386  1.09365386 -0.70634614  1.34365386], r:4.333656556890195, low:[ 0.   0.   0.   0.5  0.5  0.5  0.5 -1.5  0.5  0.5 -1.5  0.5], up:[ 0.78730772  0.78730772  0.78730772  1.78730772  1.78730772  1.78730772
  1.78730772 -0.68730772  1.68730772  1.68730772  0.08730772  2.18730772]}
安全区域:Zones:{shape:box, center:[0.04634914 0.04634914 0.04634914 0.04634914 0.04634914 0.04634914
 0.04634914 0.04634914 0.04634914 0.04634914 0.04634914 0.04634914], r:0.034540973866484956, low:[-0.00730171 -0.00730171 -0.00730171 -0.00730171 -0.00730171 -0.00730171
 -0.00730171 -0.00730171 -0.00730171 -0.00730171 -0.00730171 -0.00730171], up:[0.1 0.1 0.1 0.1 0.1 0.1 0.1 0.1 0.1 0.1 0.1 0.1]}
-----------------------------------
第29轮总训练用时：97.51431560516357s
安全轨迹数：50
参数测试耗时：44.78s
不安全域:Zones:{shape:box, center:[-0.6290988 -0.6290988 -0.6290988 -0.6290988 -0.6290988 -0.6290988
 -0.6290988 -0.6290988 -0.6290988 -0.6290988 -0.6290988 -0.6290988], r:1.6508123731841975, low:[-1 -1 -1 -1 -1 -1 -1 -1 -1 -1 -1 -1], up:[-0.25819761 -0.25819761 -0.25819761 -0.25819761 -0.25819761 -0.25819761
 -0.25819761 -0.25819761 -0.25819761 -0.25819761 -0.25819761 -0.25819761]}
安全区域:Zones:{shape:box, center:[1.3790988 1.3790988 1.3790988 1.3790988 1.3790988 1.3790988 1.3790988
 1.3790988 1.3790988 1.3790988 1.3790988 1.3790988], r:4.626219553803645, low:[0.75819761 0.75819761 0.75819761 0.75819761 0.75819761 0.75819761
 0.75819761 0.75819761 0.75819761 0.75819761 0.75819761 0.75819761], up:[2 2 2 2 2 2 2 2 2 2 2 2]}
-----------------------------------
第30轮总训练用时：97.22030472755432s
安全轨迹数：50
参数测试耗时：55.06s
不安全域:Zones:{shape:box, center:[-0.3024022 -0.3024022 -0.3024022 -0.3024022 -0.3024022 -0.3024022
 -0.3024022 -0.3024022 -0.3024022 -0.3024022 -0.3024022 -0.3024022], r:5.8397122308368985, low:[-1 -1 -1 -1 -1 -1 -1 -1 -1 -1 -1 -1], up:[0.39519559 0.39519559 0.39519559 0.39519559 0.39519559 0.39519559
 0.39519559 0.39519559 0.39519559 0.39519559 0.39519559 0.39519559]}
安全区域:Zones:{shape:box, center:[1.0524022 1.0524022 1.0524022 1.0524022 1.0524022 1.0524022 1.0524022
 1.0524022 1.0524022 1.0524022 1.0524022 1.0524022], r:10.775299010789107, low:[0.10480441 0.10480441 0.10480441 0.10480441 0.10480441 0.10480441
 0.10480441 0.10480441 0.10480441 0.10480441 0.10480441 0.10480441], up:[2 2 2 2 2 2 2 2 2 2 2 2]}
-----------------------------------
第31轮总训练用时：97.50359630584717s
安全轨迹数：50
参数测试耗时：223.8s
不安全域:Zones:{shape:box, center:[ 0.48008381  0.48008381  0.48008381  1.23008381  1.23008381  1.23008381
  1.23008381 -1.18008381  1.18008381  1.18008381 -0.61991619  1.43008381], r:5.490508612395134, low:[ 0.   0.   0.   0.5  0.5  0.5  0.5 -1.5  0.5  0.5 -1.5  0.5], up:[ 0.96016762  0.96016762  0.96016762  1.96016762  1.96016762  1.96016762
  1.96016762 -0.86016762  1.86016762  1.86016762  0.26016762  2.36016762]}
安全区域:Zones:{shape:box, center:[0.02402257 0.02402257 0.02402257 0.02402257 0.02402257 0.02402257
 0.02402257 0.02402257 0.02402257 0.02402257 0.02402257 0.02402257], r:0.06927083013065936, low:[-0.05195485 -0.05195485 -0.05195485 -0.05195485 -0.05195485 -0.05195485
 -0.05195485 -0.05195485 -0.05195485 -0.05195485 -0.05195485 -0.05195485], up:[0.1 0.1 0.1 0.1 0.1 0.1 0.1 0.1 0.1 0.1 0.1 0.1]}
-----------------------------------
第32轮总训练用时：98.2537293434143s
安全轨迹数：50
参数测试耗时：50.88s
不安全域:Zones:{shape:box, center:[-0.42293783 -0.42293783 -0.42293783 -0.42293783 -0.42293783 -0.42293783
 -0.42293783 -0.42293783 -0.42293783 -0.42293783 -0.42293783 -0.42293783], r:3.996008963612111, low:[-1 -1 -1 -1 -1 -1 -1 -1 -1 -1 -1 -1], up:[0.15412434 0.15412434 0.15412434 0.15412434 0.15412434 0.15412434
 0.15412434 0.15412434 0.15412434 0.15412434 0.15412434 0.15412434]}
安全区域:Zones:{shape:box, center:[1.17293783 1.17293783 1.17293783 1.17293783 1.17293783 1.17293783
 1.17293783 1.17293783 1.17293783 1.17293783 1.17293783 1.17293783], r:8.208381978010811, low:[0.34587566 0.34587566 0.34587566 0.34587566 0.34587566 0.34587566
 0.34587566 0.34587566 0.34587566 0.34587566 0.34587566 0.34587566], up:[2 2 2 2 2 2 2 2 2 2 2 2]}
-----------------------------------
第33轮总训练用时：97.23516726493835s
安全轨迹数：50
参数测试耗时：49.54s
不安全域:Zones:{shape:box, center:[-0.57113157 -0.57113157 -0.57113157 -0.57113157 -0.57113157 -0.57113157
 -0.57113157 -0.57113157 -0.57113157 -0.57113157 -0.57113157 -0.57113157], r:2.207137557933674, low:[-1 -1 -1 -1 -1 -1 -1 -1 -1 -1 -1 -1], up:[-0.14226314 -0.14226314 -0.14226314 -0.14226314 -0.14226314 -0.14226314
 -0.14226314 -0.14226314 -0.14226314 -0.14226314 -0.14226314 -0.14226314]}
安全区域:Zones:{shape:box, center:[1.32113157 1.32113157 1.32113157 1.32113157 1.32113157 1.32113157
 1.32113157 1.32113157 1.32113157 1.32113157 1.32113157 1.32113157], r:5.530348134975714, low:[0.64226314 0.64226314 0.64226314 0.64226314 0.64226314 0.64226314
 0.64226314 0.64226314 0.64226314 0.64226314 0.64226314 0.64226314], up:[2 2 2 2 2 2 2 2 2 2 2 2]}
-----------------------------------
第34轮总训练用时：99.01384210586548s
安全轨迹数：50
参数测试耗时：48.21s
不安全域:Zones:{shape:box, center:[-0.48956696 -0.48956696 -0.48956696 -0.48956696 -0.48956696 -0.48956696
 -0.48956696 -0.48956696 -0.48956696 -0.48956696 -0.48956696 -0.48956696], r:3.126502634365004, low:[-1 -1 -1 -1 -1 -1 -1 -1 -1 -1 -1 -1], up:[0.02086608 0.02086608 0.02086608 0.02086608 0.02086608 0.02086608
 0.02086608 0.02086608 0.02086608 0.02086608 0.02086608 0.02086608]}
安全区域:Zones:{shape:box, center:[1.23956696 1.23956696 1.23956696 1.23956696 1.23956696 1.23956696
 1.23956696 1.23956696 1.23956696 1.23956696 1.23956696 1.23956696], r:6.939100861866451, low:[0.47913392 0.47913392 0.47913392 0.47913392 0.47913392 0.47913392
 0.47913392 0.47913392 0.47913392 0.47913392 0.47913392 0.47913392], up:[2 2 2 2 2 2 2 2 2 2 2 2]}
-----------------------------------
第35轮总训练用时：99.94419836997986s
安全轨迹数：50
参数测试耗时：230.72s
不安全域:Zones:{shape:box, center:[ 0.37053746  0.37053746  0.37053746  1.12053746  1.12053746  1.12053746
  1.12053746 -1.07053746  1.07053746  1.07053746 -0.72946254  1.32053746], r:4.054634699477548, low:[ 0.   0.   0.   0.5  0.5  0.5  0.5 -1.5  0.5  0.5 -1.5  0.5], up:[ 0.74107491  0.74107491  0.74107491  1.74107491  1.74107491  1.74107491
  1.74107491 -0.64107491  1.64107491  1.64107491  0.04107491  2.14107491]}
安全区域:Zones:{shape:box, center:[0.01160605 0.01160605 0.01160605 0.01160605 0.01160605 0.01160605
 0.01160605 0.01160605 0.01160605 0.01160605 0.01160605 0.01160605], r:0.0937618826316063, low:[-0.0767879 -0.0767879 -0.0767879 -0.0767879 -0.0767879 -0.0767879
 -0.0767879 -0.0767879 -0.0767879 -0.0767879 -0.0767879 -0.0767879], up:[0.1 0.1 0.1 0.1 0.1 0.1 0.1 0.1 0.1 0.1 0.1 0.1]}
-----------------------------------
第36轮总训练用时：100.86118865013123s
安全轨迹数：50
参数测试耗时：43.88s
不安全域:Zones:{shape:box, center:[-0.69073335 -0.69073335 -0.69073335 -0.69073335 -0.69073335 -0.69073335
 -0.69073335 -0.69073335 -0.69073335 -0.69073335 -0.69073335 -0.69073335], r:1.1477503448055795, low:[-1 -1 -1 -1 -1 -1 -1 -1 -1 -1 -1 -1], up:[-0.3814667 -0.3814667 -0.3814667 -0.3814667 -0.3814667 -0.3814667
 -0.3814667 -0.3814667 -0.3814667 -0.3814667 -0.3814667 -0.3814667]}
安全区域:Zones:{shape:box, center:[1.44073335 1.44073335 1.44073335 1.44073335 1.44073335 1.44073335
 1.44073335 1.44073335 1.44073335 1.44073335 1.44073335 1.44073335], r:3.753350257075662, low:[0.8814667 0.8814667 0.8814667 0.8814667 0.8814667 0.8814667 0.8814667
 0.8814667 0.8814667 0.8814667 0.8814667 0.8814667], up:[2 2 2 2 2 2 2 2 2 2 2 2]}
-----------------------------------
第37轮总训练用时：100.57422471046448s
安全轨迹数：50
参数测试耗时：59.7s
不安全域:Zones:{shape:box, center:[-0.3853679 -0.3853679 -0.3853679 -0.3853679 -0.3853679 -0.3853679
 -0.3853679 -0.3853679 -0.3853679 -0.3853679 -0.3853679 -0.3853679], r:4.533271371193963, low:[-1 -1 -1 -1 -1 -1 -1 -1 -1 -1 -1 -1], up:[0.22926419 0.22926419 0.22926419 0.22926419 0.22926419 0.22926419
 0.22926419 0.22926419 0.22926419 0.22926419 0.22926419 0.22926419]}
安全区域:Zones:{shape:box, center:[1.1353679 1.1353679 1.1353679 1.1353679 1.1353679 1.1353679 1.1353679
 1.1353679 1.1353679 1.1353679 1.1353679 1.1353679], r:8.971063951258884, low:[0.27073581 0.27073581 0.27073581 0.27073581 0.27073581 0.27073581
 0.27073581 0.27073581 0.27073581 0.27073581 0.27073581 0.27073581], up:[2 2 2 2 2 2 2 2 2 2 2 2]}
-----------------------------------
第38轮总训练用时：100.1144232749939s
安全轨迹数：50
参数测试耗时：230.48s
不安全域:Zones:{shape:box, center:[ 0.6284834  0.6284834  0.6284834  1.3784834  1.3784834  1.3784834
  1.3784834 -1.3284834  1.3284834  1.3284834 -0.4715166  1.5784834], r:7.894998445706064, low:[ 0.   0.   0.   0.5  0.5  0.5  0.5 -1.5  0.5  0.5 -1.5  0.5], up:[ 1.2569668  1.2569668  1.2569668  2.2569668  2.2569668  2.2569668
  2.2569668 -1.1569668  2.1569668  2.1569668  0.5569668  2.6569668]}
安全区域:Zones:{shape:box, center:[0.04847885 0.04847885 0.04847885 0.04847885 0.04847885 0.04847885
 0.04847885 0.04847885 0.04847885 0.04847885 0.04847885 0.04847885], r:0.03185314080883737, low:[-0.00304229 -0.00304229 -0.00304229 -0.00304229 -0.00304229 -0.00304229
 -0.00304229 -0.00304229 -0.00304229 -0.00304229 -0.00304229 -0.00304229], up:[0.1 0.1 0.1 0.1 0.1 0.1 0.1 0.1 0.1 0.1 0.1 0.1]}
-----------------------------------
第39轮总训练用时：100.1934905052185s
安全轨迹数：50
参数测试耗时：47.49s
不安全域:Zones:{shape:box, center:[-0.5941941 -0.5941941 -0.5941941 -0.5941941 -0.5941941 -0.5941941
 -0.5941941 -0.5941941 -0.5941941 -0.5941941 -0.5941941 -0.5941941], r:1.9761411703590888, low:[-1 -1 -1 -1 -1 -1 -1 -1 -1 -1 -1 -1], up:[-0.18838819 -0.18838819 -0.18838819 -0.18838819 -0.18838819 -0.18838819
 -0.18838819 -0.18838819 -0.18838819 -0.18838819 -0.18838819 -0.18838819]}
安全区域:Zones:{shape:box, center:[1.3441941 1.3441941 1.3441941 1.3441941 1.3441941 1.3441941 1.3441941
 1.3441941 1.3441941 1.3441941 1.3441941 1.3441941], r:5.160976588016157, low:[0.68838819 0.68838819 0.68838819 0.68838819 0.68838819 0.68838819
 0.68838819 0.68838819 0.68838819 0.68838819 0.68838819 0.68838819], up:[2 2 2 2 2 2 2 2 2 2 2 2]}
-----------------------------------
第40轮总训练用时：99.9538803100586s
安全轨迹数：50
参数测试耗时：232.53s
不安全域:Zones:{shape:box, center:[ 0.77953703  0.77953703  0.77953703  1.52953703  1.52953703  1.52953703
  1.52953703 -1.47953703  1.47953703  1.47953703 -0.32046297  1.72953703], r:10.885293096440972, low:[ 0.   0.   0.   0.5  0.5  0.5  0.5 -1.5  0.5  0.5 -1.5  0.5], up:[ 1.55907405  1.55907405  1.55907405  2.55907405  2.55907405  2.55907405
  2.55907405 -1.45907405  2.45907405  2.45907405  0.85907405  2.95907405]}
安全区域:Zones:{shape:box, center:[0.03213123 0.03213123 0.03213123 0.03213123 0.03213123 0.03213123
 0.03213123 0.03213123 0.03213123 0.03213123 0.03213123 0.03213123], r:0.055274038819314704, low:[-0.03573754 -0.03573754 -0.03573754 -0.03573754 -0.03573754 -0.03573754
 -0.03573754 -0.03573754 -0.03573754 -0.03573754 -0.03573754 -0.03573754], up:[0.1 0.1 0.1 0.1 0.1 0.1 0.1 0.1 0.1 0.1 0.1 0.1]}
-----------------------------------
第41轮总训练用时：99.11511278152466s
安全轨迹数：50
参数测试耗时：55.29s
不安全域:Zones:{shape:box, center:[-0.48072382 -0.48072382 -0.48072382 -0.48072382 -0.48072382 -0.48072382
 -0.48072382 -0.48072382 -0.48072382 -0.48072382 -0.48072382 -0.48072382], r:3.235772970560097, low:[-1 -1 -1 -1 -1 -1 -1 -1 -1 -1 -1 -1], up:[0.03855235 0.03855235 0.03855235 0.03855235 0.03855235 0.03855235
 0.03855235 0.03855235 0.03855235 0.03855235 0.03855235 0.03855235]}
安全区域:Zones:{shape:box, center:[1.23072382 1.23072382 1.23072382 1.23072382 1.23072382 1.23072382
 1.23072382 1.23072382 1.23072382 1.23072382 1.23072382 1.23072382], r:7.101430029942644, low:[0.46144765 0.46144765 0.46144765 0.46144765 0.46144765 0.46144765
 0.46144765 0.46144765 0.46144765 0.46144765 0.46144765 0.46144765], up:[2 2 2 2 2 2 2 2 2 2 2 2]}
-----------------------------------
第42轮总训练用时：99.36876630783081s
安全轨迹数：50
参数测试耗时：59.88s
不安全域:Zones:{shape:box, center:[-0.28868883 -0.28868883 -0.28868883 -0.28868883 -0.28868883 -0.28868883
 -0.28868883 -0.28868883 -0.28868883 -0.28868883 -0.28868883 -0.28868883], r:6.071563004690755, low:[-1 -1 -1 -1 -1 -1 -1 -1 -1 -1 -1 -1], up:[0.42262234 0.42262234 0.42262234 0.42262234 0.42262234 0.42262234
 0.42262234 0.42262234 0.42262234 0.42262234 0.42262234 0.42262234]}
安全区域:Zones:{shape:box, center:[1.03868883 1.03868883 1.03868883 1.03868883 1.03868883 1.03868883
 1.03868883 1.03868883 1.03868883 1.03868883 1.03868883 1.03868883], r:11.08943003800755, low:[0.07737766 0.07737766 0.07737766 0.07737766 0.07737766 0.07737766
 0.07737766 0.07737766 0.07737766 0.07737766 0.07737766 0.07737766], up:[2 2 2 2 2 2 2 2 2 2 2 2]}
-----------------------------------
第43轮总训练用时：98.15740871429443s
安全轨迹数：50
参数测试耗时：224.0s
不安全域:Zones:{shape:box, center:[ 0.60114168  0.60114168  0.60114168  1.35114168  1.35114168  1.35114168
  1.35114168 -1.30114168  1.30114168  1.30114168 -0.49885832  1.55114168], r:7.412266642897298, low:[ 0.   0.   0.   0.5  0.5  0.5  0.5 -1.5  0.5  0.5 -1.5  0.5], up:[ 1.20228335  1.20228335  1.20228335  2.20228335  2.20228335  2.20228335
  2.20228335 -1.10228335  2.10228335  2.10228335  0.50228335  2.60228335]}
安全区域:Zones:{shape:box, center:[0.04419755 0.04419755 0.04419755 0.04419755 0.04419755 0.04419755
 0.04419755 0.04419755 0.04419755 0.04419755 0.04419755 0.04419755], r:0.03736695822901512, low:[-0.0116049 -0.0116049 -0.0116049 -0.0116049 -0.0116049 -0.0116049
 -0.0116049 -0.0116049 -0.0116049 -0.0116049 -0.0116049 -0.0116049], up:[0.1 0.1 0.1 0.1 0.1 0.1 0.1 0.1 0.1 0.1 0.1 0.1]}
-----------------------------------
第44轮总训练用时：97.64513182640076s
安全轨迹数：50
参数测试耗时：229.12s
不安全域:Zones:{shape:box, center:[ 0.34038096  0.34038096  0.34038096  1.09038096  1.09038096  1.09038096
  1.09038096 -1.04038096  1.04038096  1.04038096 -0.75961904  1.29038096], r:3.709915114634653, low:[ 0.   0.   0.   0.5  0.5  0.5  0.5 -1.5  0.5  0.5 -1.5  0.5], up:[ 0.68076191  0.68076191  0.68076191  1.68076191  1.68076191  1.68076191
  1.68076191 -0.58076191  1.58076191  1.58076191 -0.01923809  2.08076191]}
安全区域:Zones:{shape:box, center:[0.04648602 0.04648602 0.04648602 0.04648602 0.04648602 0.04648602
 0.04648602 0.04648602 0.04648602 0.04648602 0.04648602 0.04648602], r:0.03436494744699156, low:[-0.00702795 -0.00702795 -0.00702795 -0.00702795 -0.00702795 -0.00702795
 -0.00702795 -0.00702795 -0.00702795 -0.00702795 -0.00702795 -0.00702795], up:[0.1 0.1 0.1 0.1 0.1 0.1 0.1 0.1 0.1 0.1 0.1 0.1]}
-----------------------------------
第45轮总训练用时：103.3670961856842s
安全轨迹数：50
参数测试耗时：235.99s
不安全域:Zones:{shape:box, center:[ 0.35016704  0.35016704  0.35016704  1.10016704  1.10016704  1.10016704
  1.10016704 -1.05016704  1.05016704  1.05016704 -0.74983296  1.30016704], r:3.819387845363458, low:[ 0.   0.   0.   0.5  0.5  0.5  0.5 -1.5  0.5  0.5 -1.5  0.5], up:[ 7.00334073e-01  7.00334073e-01  7.00334073e-01  1.70033407e+00
  1.70033407e+00  1.70033407e+00  1.70033407e+00 -6.00334073e-01
  1.60033407e+00  1.60033407e+00  3.34072664e-04  2.10033407e+00]}
安全区域:Zones:{shape:box, center:[0.01439643 0.01439643 0.01439643 0.01439643 0.01439643 0.01439643
 0.01439643 0.01439643 0.01439643 0.01439643 0.01439643 0.01439643], r:0.08793565841594803, low:[-0.07120714 -0.07120714 -0.07120714 -0.07120714 -0.07120714 -0.07120714
 -0.07120714 -0.07120714 -0.07120714 -0.07120714 -0.07120714 -0.07120714], up:[0.1 0.1 0.1 0.1 0.1 0.1 0.1 0.1 0.1 0.1 0.1 0.1]}
-----------------------------------
第46轮总训练用时：98.55935406684875s
安全轨迹数：50
参数测试耗时：227.71s
不安全域:Zones:{shape:box, center:[ 0.62532826  0.62532826  0.62532826  1.37532826  1.37532826  1.37532826
  1.37532826 -1.32532826  1.32532826  1.32532826 -0.47467174  1.57532826], r:7.838377146149586, low:[ 0.   0.   0.   0.5  0.5  0.5  0.5 -1.5  0.5  0.5 -1.5  0.5], up:[ 1.25065652  1.25065652  1.25065652  2.25065652  2.25065652  2.25065652
  2.25065652 -1.15065652  2.15065652  2.15065652  0.55065652  2.65065652]}
安全区域:Zones:{shape:box, center:[0.01744058 0.01744058 0.01744058 0.01744058 0.01744058 0.01744058
 0.01744058 0.01744058 0.01744058 0.01744058 0.01744058 0.01744058], r:0.08179270058559762, low:[-0.06511885 -0.06511885 -0.06511885 -0.06511885 -0.06511885 -0.06511885
 -0.06511885 -0.06511885 -0.06511885 -0.06511885 -0.06511885 -0.06511885], up:[0.1 0.1 0.1 0.1 0.1 0.1 0.1 0.1 0.1 0.1 0.1 0.1]}
-----------------------------------
第47轮总训练用时：105.38722825050354s
安全轨迹数：50
参数测试耗时：50.29s
不安全域:Zones:{shape:box, center:[-0.62084474 -0.62084474 -0.62084474 -0.62084474 -0.62084474 -0.62084474
 -0.62084474 -0.62084474 -0.62084474 -0.62084474 -0.62084474 -0.62084474], r:1.7251045251821482, low:[-1 -1 -1 -1 -1 -1 -1 -1 -1 -1 -1 -1], up:[-0.24168948 -0.24168948 -0.24168948 -0.24168948 -0.24168948 -0.24168948
 -0.24168948 -0.24168948 -0.24168948 -0.24168948 -0.24168948 -0.24168948]}
安全区域:Zones:{shape:box, center:[1.37084474 1.37084474 1.37084474 1.37084474 1.37084474 1.37084474
 1.37084474 1.37084474 1.37084474 1.37084474 1.37084474 1.37084474], r:4.750036079217664, low:[0.74168948 0.74168948 0.74168948 0.74168948 0.74168948 0.74168948
 0.74168948 0.74168948 0.74168948 0.74168948 0.74168948 0.74168948], up:[2 2 2 2 2 2 2 2 2 2 2 2]}
-----------------------------------
第48轮总训练用时：100.15111756324768s
安全轨迹数：50
参数测试耗时：43.83s
不安全域:Zones:{shape:box, center:[-0.65706838 -0.65706838 -0.65706838 -0.65706838 -0.65706838 -0.65706838
 -0.65706838 -0.65706838 -0.65706838 -0.65706838 -0.65706838 -0.65706838], r:1.4112251877457673, low:[-1 -1 -1 -1 -1 -1 -1 -1 -1 -1 -1 -1], up:[-0.31413675 -0.31413675 -0.31413675 -0.31413675 -0.31413675 -0.31413675
 -0.31413675 -0.31413675 -0.31413675 -0.31413675 -0.31413675 -0.31413675]}
安全区域:Zones:{shape:box, center:[1.40706838 1.40706838 1.40706838 1.40706838 1.40706838 1.40706838
 1.40706838 1.40706838 1.40706838 1.40706838 1.40706838 1.40706838], r:4.218814933841258, low:[0.81413675 0.81413675 0.81413675 0.81413675 0.81413675 0.81413675
 0.81413675 0.81413675 0.81413675 0.81413675 0.81413675 0.81413675], up:[2 2 2 2 2 2 2 2 2 2 2 2]}
-----------------------------------
第49轮总训练用时：106.62588715553284s
安全轨迹数：50
参数测试耗时：233.67s
不安全域:Zones:{shape:box, center:[ 0.41222519  0.41222519  0.41222519  1.16222519  1.16222519  1.16222519
  1.16222519 -1.11222519  1.11222519  1.11222519 -0.68777481  1.36222519], r:4.567108399494772, low:[ 0.   0.   0.   0.5  0.5  0.5  0.5 -1.5  0.5  0.5 -1.5  0.5], up:[ 0.82445039  0.82445039  0.82445039  1.82445039  1.82445039  1.82445039
  1.82445039 -0.72445039  1.72445039  1.72445039  0.12445039  2.22445039]}
安全区域:Zones:{shape:box, center:[0.00294321 0.00294321 0.00294321 0.00294321 0.00294321 0.00294321
 0.00294321 0.00294321 0.00294321 0.00294321 0.00294321 0.00294321], r:0.11304025003467992, low:[-0.09411358 -0.09411358 -0.09411358 -0.09411358 -0.09411358 -0.09411358
 -0.09411358 -0.09411358 -0.09411358 -0.09411358 -0.09411358 -0.09411358], up:[0.1 0.1 0.1 0.1 0.1 0.1 0.1 0.1 0.1 0.1 0.1 0.1]}
-----------------------------------
