0 1.0
1 0.7911111111111111
2 0.7613636363636364
3 0.8726923076923077
4 0.86
5 0.7538888888888889
6 0.7633333333333333
7 0.9135714285714286
8 0.7527777777777778
9 0.73125
10 0.8528571428571429
11 0.8177272727272727
12 0.7929166666666667
13 0.7915384615384615
14 0.9055555555555556
15 0.8757692307692307
16 0.779375
17 0.7263333333333334
18 0.7045454545454546
19 0.798
20 0.7941666666666667
21 0.7961111111111111
22 0.89
23 0.903
24 0.7633333333333333
25 0.8807692307692307
26 0.7592857142857142
27 0.825625
28 0.8477777777777777
29 0.766
30 0.8495
31 0.6916666666666667
32 0.6755555555555556
33 0.7016666666666667
34 0.8322727272727273
35 0.85375
36 0.815
37 0.758
38 0.788125
39 0.7655882352941177
40 0.716
41 0.7718181818181818
42 0.7031818181818181
43 0.95625
44 0.854375
45 0.8403125
46 0.7295833333333334
47 0.7642307692307693
48 0.7322222222222222
49 0.699
50 0.855
51 0.8061111111111111
52 0.9392857142857143
53 0.7741666666666667
54 0.665
55 0.7244444444444444
56 0.7575
57 0.688076923076923
58 0.7823333333333333
59 0.7733333333333333
60 0.795
61 0.88
62 0.8742307692307693
63 0.785
64 0.8044444444444444
65 0.873
66 0.8014285714285714
67 0.7721428571428571
68 0.7595454545454545
69 0.818076923076923
70 0.7561111111111111
71 0.8193333333333334
72 0.8388888888888889
73 0.8614285714285714
74 0.8533333333333334
75 0.794375
76 0.884
77 0.7491666666666666
78 0.7933333333333333
79 0.8621428571428571
80 1.0
81 0.8835714285714286
82 0.93625
83 0.7192857142857143
84 0.6683333333333333
85 0.7505
86 0.8395
87 0.833125
88 0.8131818181818182
89 0.7125
90 0.7575
91 0.7608823529411765
92 0.8315
93 0.7283333333333334
94 0.8384615384615385
95 0.7532142857142857
96 0.7596428571428572
97 0.6823076923076923
98 0.8527777777777777
99 0.7946428571428571
100 0.8458333333333333
101 0.8533333333333334
102 0.8984615384615384
103 0.7844444444444445
104 0.778125
105 0.7257142857142858
106 0.7503571428571428
107 0.7995454545454546
108 0.975
109 0.7236111111111111
110 0.7068181818181818
111 0.7693333333333333
112 0.879375
113 0.855
114 0.7945454545454546
115 0.71375
116 0.7977272727272727
117 0.808
118 0.8181818181818182
119 0.8430769230769231
120 0.72625
121 0.7068181818181818
122 0.8388461538461538
123 0.7325
124 0.7681818181818182
125 0.6495
126 0.7595833333333334
127 0.8068181818181818
128 0.8184615384615385
129 0.7873076923076923
130 0.8338888888888889
131 0.8675
132 0.8254166666666667
133 0.8858333333333334
134 0.8183333333333334
135 0.7964705882352942
136 0.7075
137 0.8157692307692308
138 0.79
139 0.8011111111111111
140 0.8718181818181818
141 0.8233333333333334
142 0.7914285714285715
143 0.6838888888888889
144 0.7176666666666667
145 0.9725
146 0.6311111111111111
147 0.71125
148 0.80875
149 0.8141666666666667
150 0.8553846153846154
151 0.95
152 0.7943333333333333
153 0.7563333333333333
154 0.7570833333333333
155 0.7063636363636364
156 0.8082142857142857
157 0.8172727272727273
158 0.7272222222222222
159 0.9194444444444444
160 0.6716666666666666
161 0.8545454545454545
162 0.841
163 0.7895833333333333
164 0.8475
165 0.7645454545454545
166 0.8610714285714286
167 0.7786666666666666
168 0.8208333333333333
169 0.7902631578947369
170 0.8192307692307692
171 0.8913636363636364
172 0.7992307692307692
173 0.8660714285714286
174 0.8088461538461539
175 0.85125
176 0.75875
177 0.9133333333333333
178 0.8314285714285714
179 0.9341666666666667
180 0.7975
181 0.7690625
182 0.685
183 0.84375
184 0.8472727272727273
185 0.818
186 0.7670833333333333
187 0.823076923076923
188 0.8341666666666666
189 0.7657142857142857
190 0.8655
191 0.87
192 0.696923076923077
193 0.73375
194 0.6304545454545455
195 0.7153846153846154
196 0.8636363636363636
197 0.6722222222222223
198 0.8335
199 0.862
200 0.8320833333333333
201 0.8572222222222222
202 0.845
203 0.78
204 0.7491666666666666
205 0.7266666666666667
206 0.9414285714285714
207 0.7828571428571428
208 0.8525
209 0.8395833333333333
210 0.8153125
211 0.7955
212 0.83
213 0.8011538461538461
214 0.8304166666666667
215 0.8153846153846154
216 0.6966666666666667
217 0.7713636363636364
218 0.703
219 0.861875
220 0.8461764705882353
221 0.8483333333333334
222 0.8183333333333334
223 0.7927777777777778
224 0.8044444444444444
225 0.74
226 0.7742857142857142
227 0.8821428571428571
228 0.7586363636363637
229 0.7757142857142857
230 0.7516666666666667
231 0.8366666666666667
232 0.8645
233 0.632
234 0.8403846153846154
235 0.8133333333333334
236 0.8038461538461539
237 0.8027777777777778
238 0.8436363636363636
239 0.904
240 0.845
241 0.7155555555555555
242 0.9104166666666667
243 0.8425
244 0.7145454545454546
245 0.7773076923076923
246 0.92875
247 0.7833333333333333
248 0.7973076923076923
249 0.75625
250 0.8565384615384616
251 0.7477777777777778
252 0.8195833333333333
253 0.8215
254 0.6995454545454546
255 0.7172222222222222
256 0.6255555555555555
257 0.7682142857142857
258 0.943125
259 0.7025
260 0.7875
261 0.7460714285714286
262 0.9175
263 0.7889285714285714
264 0.8784615384615385
265 0.646875
266 0.6405
267 0.8375
268 0.7059090909090909
269 0.6075
270 0.7657692307692308
271 0.786
272 0.8291666666666667
273 0.803076923076923
274 0.795
275 0.6768181818181818
276 0.78125
277 0.68375
278 0.761
279 0.7358333333333333
280 0.671
281 0.8445454545454546
282 0.850909090909091
283 0.7972222222222223
284 0.8745
285 0.8018181818181818
286 0.64
287 0.7206666666666667
288 0.8095454545454546
289 0.85
290 0.8885
291 0.69375
292 0.7727272727272727
293 0.8270588235294117
294 0.8316666666666667
295 0.9307692307692308
296 0.7175
297 0.805
298 0.795
299 0.8304545454545454
300 0.895
301 0.7688235294117647
302 0.9065
303 0.7445833333333334
304 0.753
305 0.801923076923077
306 0.8340625
307 0.7920454545454545
308 0.91625
309 0.8261538461538461
310 0.7565384615384615
311 0.8009090909090909
312 0.8133333333333334
313 0.683
314 0.7865384615384615
315 0.721875
316 0.8066666666666666
317 0.668125
318 0.8039285714285714
319 0.8941666666666667
320 0.7238461538461538
321 0.80375
322 0.7892857142857143
323 0.7955
324 0.628
325 0.8521428571428571
326 0.884090909090909
327 0.805
328 0.8638461538461538
329 0.6335
330 0.85375
331 0.775
332 0.81125
333 0.8435714285714285
334 0.775625
335 0.8842857142857142
336 0.7733333333333333
337 0.7921875
338 0.7497058823529412
339 0.7086363636363636
340 0.766875
341 0.843125
342 0.8623076923076923
343 0.8904166666666666
344 0.68125
345 0.8805555555555555
346 0.69
347 0.8185
348 0.851
349 0.8038888888888889
350 0.7428571428571429
351 0.8127272727272727
352 0.959
353 0.694
354 0.8677777777777778
355 0.865
356 0.7553333333333333
357 0.8022222222222222
358 0.9343333333333333
359 0.774090909090909
360 0.7432142857142857
361 0.79
362 0.6922222222222222
363 0.7113333333333334
364 0.8183333333333334
365 0.8215384615384616
366 0.8066666666666666
367 0.8581818181818182
368 0.7903125
369 0.6957692307692308
370 0.9040909090909091
371 0.7659090909090909
372 0.7325
373 0.7916666666666666
374 0.7661538461538462
375 0.7633333333333333
376 0.702
377 0.6310344827586207
378 0.8966666666666666
379 0.8537777777777777
380 0.825
381 0.8045454545454546
382 0.7663333333333333
383 0.7883333333333333
384 0.7377272727272727
385 0.79875
386 0.740625
387 0.7975
388 0.7984615384615384
389 0.823
390 0.9096875
391 0.7133333333333334
392 0.886875
393 0.74875
394 0.7688235294117647
395 0.7220833333333333
396 0.8311764705882353
397 0.7768181818181819
398 0.845
399 0.875
400 0.8133333333333334
401 0.8303333333333334
402 0.5666666666666667
403 0.8090909090909091
404 0.8366666666666667
405 0.7171428571428572
406 0.795625
407 0.89875
408 0.7725
409 0.7976666666666666
410 0.8933333333333333
411 0.8153846153846154
412 0.5792857142857143
413 0.9192307692307692
414 0.8821428571428571
415 0.8008333333333333
416 0.7075
417 0.8354545454545454
418 0.9163636363636364
419 0.8494444444444444
420 0.7770833333333333
421 0.78625
422 0.7973333333333333
423 0.71
424 0.69
425 0.8747058823529412
426 0.7138888888888889
427 0.838125
428 0.701875
429 0.77875
430 0.6675
431 0.7436666666666667
432 0.8914285714285715
433 0.6742857142857143
434 0.724
435 0.728
436 0.8040909090909091
437 0.87875
438 0.8041666666666667
439 0.7560714285714286
440 0.7782142857142857
441 0.7805555555555556
442 0.989375
443 0.8195833333333333
444 0.7765384615384615
445 0.8125
446 0.7338461538461538
447 0.8433333333333334
448 0.795625
449 0.7
450 0.7391666666666666
451 0.789375
452 0.6568181818181819
453 0.84
454 0.7615384615384615
455 0.841
456 0.8370588235294117
457 0.7554545454545455
458 0.9183333333333333
459 0.724390243902439
460 0.8057692307692308
461 0.7575
462 0.7834615384615384
463 0.78375
464 0.8505555555555555
465 0.8323076923076923
466 0.8405
467 0.7529166666666667
468 0.7727777777777778
469 0.7426923076923077
470 0.7155
471 0.8727272727272727
472 0.7882142857142858
473 0.8386666666666667
474 0.6805
475 0.81625
476 0.8061111111111111
477 0.8783333333333333
478 0.7661111111111111
479 0.7376923076923076
480 0.8805
481 0.7232142857142857
482 0.8061764705882353
483 0.9333333333333333
484 0.7411111111111112
485 0.8616666666666667
486 0.8622222222222222
487 0.88625
488 1.0
489 0.87375
490 0.7535
491 0.745
492 0.7375
493 0.8464285714285714
494 0.819375
495 0.815625
496 0.9025
497 0.8166666666666667
498 0.7516666666666667
499 0.7392857142857143
500 0.6916666666666667
501 0.785
502 0.8744444444444445
503 0.7380769230769231
504 0.8333333333333334
505 0.8327272727272728
506 0.8684615384615385
507 0.803076923076923
508 0.8396428571428571
509 0.7909090909090909
510 0.6861111111111111
511 0.7383333333333333
512 0.75
513 0.6992857142857143
514 0.7953846153846154
515 0.666875
516 0.8234615384615385
517 0.7984615384615384
518 0.8428571428571429
519 0.7823076923076923
520 0.8039285714285714
521 0.860625
522 0.675
523 0.8205
524 0.735
525 0.745
526 0.8945454545454545
527 0.779
528 0.8214285714285714
529 0.7903571428571429
530 0.6596153846153846
531 0.8641666666666666
532 0.9355555555555556
533 0.8711111111111111
534 0.9655
535 0.9025
536 0.8070833333333334
537 0.7192857142857143
538 0.835
539 0.725
540 0.8875
541 0.9191666666666667
542 0.9473076923076923
543 0.7875
544 0.8085
545 0.7115
546 0.7795833333333333
547 0.8622222222222222
548 0.9013333333333333
549 0.7438888888888889
550 0.9055555555555556
551 0.8726666666666667
552 0.7477272727272727
553 0.7173076923076923
554 0.8165384615384615
555 0.8653846153846154
556 0.83625
557 0.6966666666666667
558 0.7666666666666667
559 0.8954166666666666
560 0.8472222222222222
561 0.8536363636363636
562 0.8546153846153847
563 0.7733333333333333
564 0.949
565 0.7411111111111112
566 0.8635714285714285
567 0.8026470588235294
568 0.6872222222222222
569 0.7840909090909091
570 0.7843333333333333
571 0.7939285714285714
572 0.80125
573 0.7817857142857143
574 0.8175
575 0.7725
576 0.7876666666666666
577 0.9466666666666667
578 0.8865384615384615
579 0.7592857142857142
580 0.7683333333333333
581 0.6663636363636364
582 0.8217857142857142
583 0.7942857142857143
584 0.81375
585 0.8329411764705882
586 0.725625
587 0.8883333333333333
588 0.7044444444444444
589 0.9235
590 0.79
591 0.7485714285714286
592 0.8713636363636363
593 0.8228571428571428
594 0.7642857142857142
595 0.766
596 0.6779166666666666
597 0.7585
598 0.946
599 0.8333333333333334
600 0.9816666666666667
601 0.7990909090909091
602 0.853125
603 0.7516666666666667
604 0.8245
605 0.803235294117647
606 0.8844444444444445
607 0.7442857142857143
608 0.7542857142857143
609 0.8383333333333334
610 0.8207692307692308
611 0.748
612 0.8738461538461538
613 0.875
614 0.655
615 0.84
616 0.7163636363636363
617 0.84125
618 0.862
619 0.5975
620 0.8715384615384615
621 0.7895
622 0.9370833333333334
623 0.863125
624 0.832
625 0.7096875
626 0.8375
627 0.8868181818181818
628 0.7388888888888889
629 0.755
630 0.6854545454545454
631 0.7731818181818182
632 0.811875
633 0.7671428571428571
634 0.593
635 0.6538888888888889
636 0.815
637 0.7738461538461539
638 0.7713636363636364
639 0.7
640 0.6114285714285714
641 0.8238888888888889
642 0.861875
643 0.8044444444444444
644 0.8033333333333333
645 0.78
646 0.8734615384615385
647 0.8054166666666667
648 0.8988888888888888
649 0.477
650 0.6146428571428572
651 0.8356666666666667
652 0.8245
653 0.8628571428571429
654 0.7870833333333334
655 0.7636363636363637
656 0.8916666666666667
657 0.75
658 0.909375
659 0.8479166666666667
660 0.7986666666666666
661 0.9294444444444444
662 0.7595
663 0.7826923076923077
664 0.8765
665 0.7329166666666667
666 0.73875
667 0.7246153846153847
668 0.7321428571428571
669 0.6116666666666667
670 0.7375
671 0.8004545454545454
672 0.7403846153846154
673 0.7718181818181818
674 0.8133333333333334
675 0.895
676 0.7938461538461539
677 0.9227777777777778
678 0.7433333333333333
679 0.7827777777777778
680 0.749
681 0.745
682 0.7965384615384615
683 0.9257142857142857
684 0.79275
685 0.774
686 0.8210714285714286
687 0.9515
688 0.6566666666666666
689 0.7491666666666666
690 0.8246153846153846
691 0.8234375
692 0.7775
693 0.7443333333333333
694 0.78
695 0.6892857142857143
696 0.8195454545454546
697 0.6629166666666667
698 0.7918181818181819
699 0.775
700 0.8426666666666667
701 0.7794444444444445
702 0.8315384615384616
703 0.7595833333333334
704 0.7063636363636364
705 0.7561538461538462
706 0.7455
707 0.6853846153846154
708 0.774
709 0.8384615384615385
710 0.7283333333333334
711 0.9328571428571428
712 0.838125
713 0.7535714285714286
714 0.6345454545454545
715 0.9316666666666666
716 0.8720833333333333
717 0.864375
718 0.7164285714285714
719 0.8005
720 0.8785714285714286
721 0.7764285714285715
722 0.9882142857142857
723 0.8088461538461539
724 0.7935
725 0.790625
726 0.6904166666666667
727 0.7689285714285714
728 0.5755555555555556
729 0.7604166666666666
730 0.8313636363636364
731 0.7372727272727273
732 0.7659090909090909
733 0.8342857142857143
734 0.7492857142857143
735 0.855
736 0.7114285714285714
737 0.7925
738 0.7896428571428571
739 0.595
740 0.7544444444444445
741 0.7860714285714285
742 0.821
743 0.6872727272727273
744 0.7645833333333333
745 0.8413636363636363
746 0.7775
747 0.7594444444444445
748 0.955
749 0.7872222222222223
750 0.6680769230769231
751 0.836
752 0.825625
753 0.8305
754 0.772
755 0.7235
756 0.8446666666666667
757 0.8369230769230769
758 0.675
759 0.8075
760 0.8820833333333333
761 0.7633333333333333
762 0.7773076923076923
763 0.9177272727272727
764 0.8891666666666667
765 0.7844444444444445
766 0.68625
767 0.8546875
768 0.8475
769 0.79
770 0.7866666666666666
771 0.8166666666666667
772 0.78
773 0.7226923076923077
774 0.8138888888888889
775 0.8492307692307692
776 0.7715384615384615
777 0.9646428571428571
778 0.783
779 0.6338888888888888
780 0.8727777777777778
781 0.7992857142857143
782 0.6853846153846154
783 0.7729166666666667
784 0.8166666666666667
785 0.8216666666666667
786 0.8607142857142858
787 0.76
788 0.8695454545454545
789 0.8168181818181818
790 0.8915
791 0.8581818181818182
792 0.9107142857142857
793 0.8532142857142857
794 0.7633333333333333
795 0.851875
796 0.6975
797 0.8895
798 0.8561111111111112
799 0.7831818181818182
800 0.8190909090909091
801 0.93
802 0.6772222222222222
803 0.82875
804 0.8115384615384615
805 0.7445833333333334
806 0.825
807 0.7653571428571428
808 0.76
809 0.8385714285714285
810 0.7584615384615384
811 0.8054166666666667
812 0.7792857142857142
813 0.6516666666666666
814 0.795
815 0.80625
816 0.9928571428571429
817 0.7623076923076924
818 0.7505555555555555
819 0.857
820 0.8759090909090909
821 0.8181538461538461
822 0.7018181818181818
823 0.91375
824 0.7938461538461539
825 0.8113333333333334
826 0.7605555555555555
827 0.8572727272727273
828 0.8120833333333334
829 0.8955882352941177
830 0.75375
831 0.8503846153846154
832 0.7542857142857143
833 0.79
834 0.8577777777777778
835 0.775
836 0.7118181818181818
837 0.685
838 0.8305
839 0.804
840 0.84625
841 0.7371428571428571
842 0.7653571428571428
843 0.685625
844 0.7139622641509434
845 0.7470833333333333
846 0.839
847 0.625
848 0.8089285714285714
849 0.8396428571428571
850 0.8292857142857143
851 0.86875
852 0.7378571428571429
853 0.7968181818181819
854 0.6427272727272727
855 0.7553846153846154
856 0.7903571428571429
857 0.9166666666666666
858 0.8175
859 0.7816666666666666
860 0.8026666666666666
861 0.7839285714285714
862 0.7168181818181818
863 0.6871428571428572
864 0.8480769230769231
865 0.7673076923076924
866 0.853125
867 0.7933333333333333
868 0.7735714285714286
869 0.7557692307692307
870 0.809
871 0.5992857142857143
872 0.8192857142857143
873 0.7757142857142857
874 0.7877272727272727
875 0.8109090909090909
876 0.9427777777777778
877 0.8081818181818182
878 0.8705
879 0.7907142857142857
880 0.6145833333333334
881 0.8247222222222222
882 0.6985
883 0.8606666666666667
884 0.7558333333333334
885 0.7316666666666667
886 0.7719444444444444
887 0.823
888 0.8888461538461538
889 0.7761538461538462
890 0.8716666666666667
891 0.8073076923076923
892 0.8294444444444444
893 0.8177272727272727
894 0.658125
895 0.8658333333333333
896 0.952
897 0.455
898 0.735
899 0.8
900 0.7645833333333333
901 0.9176923076923077
902 0.8542857142857143
903 0.989
904 0.8945454545454545
905 0.7644444444444445
906 0.8692857142857143
907 0.8168181818181818
908 0.837
909 0.7718181818181818
910 0.772
911 1.0
912 0.73875
913 0.7025
914 0.8089285714285714
915 0.6816666666666666
916 0.754
917 0.7659375
918 0.7129166666666666
919 0.8266666666666667
920 0.8309375
921 0.7519230769230769
922 0.8904545454545455
923 0.855
924 0.7655555555555555
925 0.7185
926 0.7316666666666667
927 0.7732142857142857
928 0.755
929 0.83
930 0.78625
931 0.835
932 0.7631818181818182
933 0.762
934 0.624
935 0.8254545454545454
936 0.7461111111111111
937 0.7883333333333333
938 0.908
939 0.80125
940 0.7757142857142857
941 0.7809375
942 0.8266666666666667
943 0.7568181818181818
944 0.9098360655737705
945 0.6880555555555555
946 0.81625
947 0.8014285714285714
948 0.7475
949 0.7418181818181818
950 0.7031818181818181
951 0.7711764705882352
952 0.8822222222222222
953 0.7486842105263158
954 0.7545454545454545
955 0.8083333333333333
956 0.8657692307692307
957 0.8831818181818182
958 1.0
959 0.8523076923076923
960 0.7435714285714285
961 0.8772222222222222
962 0.75
963 0.763235294117647
964 0.7955555555555556
965 0.7918181818181819
966 0.6528571428571428
967 0.8061111111111111
968 0.8563333333333333
969 0.7368181818181818
970 0.7153125
971 0.7645454545454545
972 0.8016666666666666
973 0.718
974 0.7216666666666667
975 0.89
976 0.8457142857142858
977 0.7377272727272727
978 0.7527777777777778
979 0.672
980 0.80875
981 0.798
982 0.806923076923077
983 0.7625
984 0.8336363636363636
985 0.6821428571428572
986 0.8104545454545454
987 0.8040909090909091
988 0.8415
989 0.945
990 0.7045
991 0.8075
992 0.7268181818181818
993 0.892
994 0.678
995 0.8296666666666667
996 0.7676923076923077
997 0.765
998 0.725
999 0.8611111111111112
1000 0.95
1001 0.6486363636363637
1002 0.6807142857142857
1003 0.7939285714285714
1004 0.82875
1005 0.87375
1006 0.8266666666666667
1007 0.731875
1008 0.695
1009 0.825
1010 0.66625
1011 0.7107142857142857
1012 0.8466666666666667
1013 0.7825
1014 0.764
1015 0.817
1016 0.9046666666666666
1017 0.8621428571428571
1018 0.82
1019 0.7438888888888889
1020 0.7675
1021 0.8911111111111111
1022 0.8476923076923077
1023 0.836
1024 0.7966666666666666
1025 0.773
1026 0.9005555555555556
1027 0.6068181818181818
1028 0.6845833333333333
1029 0.775625
1030 0.8364285714285714
1031 0.8018181818181818
1032 0.9425
1033 0.751875
1034 0.9135714285714286
1035 0.8285
1036 0.7855263157894737
1037 0.81875
1038 0.7390476190476191
1039 0.79375
1040 0.8527777777777777
1041 0.7510714285714286
1042 0.7646153846153846
1043 0.8289285714285715
1044 0.7
1045 0.7488888888888889
1046 0.8304166666666667
1047 0.7672727272727272
1048 0.763
1049 0.8441666666666666
1050 0.7653846153846153
1051 0.8136363636363636
1052 0.818
1053 0.935
1054 0.656875
1055 0.845
1056 0.7991666666666667
1057 0.6240909090909091
1058 0.7325
1059 0.7831818181818182
1060 0.8642307692307692
1061 0.8471875
1062 0.8461538461538461
1063 0.7573333333333333
1064 0.7581818181818182
1065 0.7575
1066 0.8003333333333333
1067 0.7213636363636363
1068 0.6613636363636364
1069 0.8188461538461539
1070 0.7725
1071 0.7945454545454546
1072 0.6584615384615384
1073 0.8766666666666667
1074 0.8961111111111111
1075 0.79
1076 0.8347058823529412
1077 0.7570833333333333
1078 0.7695833333333333
1079 0.7832142857142858
1080 0.7369230769230769
1081 0.7686666666666667
1082 0.6991666666666667
1083 0.7829166666666667
1084 0.8441666666666666
1085 0.74625
1086 0.7184615384615385
1087 0.8416666666666667
1088 0.7372727272727273
1089 0.7503846153846154
1090 0.801
1091 0.801923076923077
1092 0.7677777777777778
1093 0.6521875
1094 0.7063636363636364
1095 0.8677272727272727
1096 0.7565384615384615
1097 0.8003846153846154
1098 0.8872727272727273
1099 0.7638888888888888
1100 0.7692307692307693
1101 0.8079166666666666
1102 0.776
1103 0.864375
1104 0.83
1105 0.735
1106 0.7718421052631579
1107 0.7452941176470588
1108 0.7466666666666667
1109 0.803
1110 0.7709375
1111 0.8377272727272728
1112 0.8442307692307692
1113 0.7332142857142857
1114 0.7811111111111111
1115 0.9091666666666667
1116 0.7433333333333333
1117 0.7623333333333333
1118 0.8827272727272727
1119 0.8535
1120 0.8393333333333334
1121 0.8295454545454546
1122 0.754375
1123 0.7891666666666667
1124 0.8515384615384616
1125 0.7518181818181818
1126 0.84875
1127 1.0
1128 0.86875
1129 1.0
1130 0.6753571428571429
1131 0.7453846153846154
1132 0.86
1133 0.6761111111111111
1134 0.8193333333333334
1135 0.8206666666666667
1136 0.8236363636363636
1137 0.8811111111111111
1138 0.7908333333333334
1139 0.86875
1140 0.7282142857142857
1141 0.8454166666666667
1142 0.8266666666666667
1143 0.8203571428571429
1144 0.9216666666666666
1145 0.7877272727272727
1146 0.8390909090909091
1147 0.8303571428571429
1148 0.8
1149 0.8286666666666667
1150 0.7664285714285715
1151 0.8907142857142857
1152 0.774090909090909
1153 0.8573076923076923
1154 0.824375
1155 0.8168181818181818
1156 0.8520833333333333
1157 0.89625
1158 0.735
1159 0.85875
1160 0.7053846153846154
1161 0.7853333333333333
1162 0.7575
1163 0.692
1164 0.6972727272727273
1165 0.8616666666666667
1166 0.632
1167 0.813076923076923
1168 0.80875
1169 0.8276666666666667
1170 0.8181818181818182
1171 0.7940909090909091
1172 0.7845833333333333
1173 0.7555555555555555
1174 0.763
1175 0.7564285714285715
1176 0.6991666666666667
1177 0.7213636363636363
1178 0.834
1179 0.7131818181818181
1180 0.7519444444444444
1181 0.907
1182 0.9175
1183 0.8431818181818181
1184 0.8196153846153846
1185 0.7019230769230769
1186 0.7719230769230769
1187 0.7771428571428571
1188 0.7758333333333334
1189 0.6963265306122449
1190 0.8063636363636364
1191 0.755
1192 0.9478571428571428
1193 0.75
1194 0.7233333333333334
1195 0.8405555555555555
1196 0.8459090909090909
1197 0.551
1198 0.823076923076923
1199 0.6395
1200 0.7335714285714285
1201 0.8153571428571429
1202 0.9435
1203 0.8315
1204 0.755
1205 0.74375
1206 0.690625
1207 0.7692857142857142
1208 0.7617857142857143
1209 0.8372222222222222
1210 0.6470833333333333
1211 0.8238461538461539
1212 0.777
1213 0.8842307692307693
1214 0.7158333333333333
1215 0.8122222222222222
1216 0.8593333333333333
1217 0.855625
1218 0.9392857142857143
1219 0.7845
1220 0.8231818181818182
1221 0.7741666666666667
1222 0.8534615384615385
1223 0.8957142857142857
1224 0.7245454545454545
1225 0.7540909090909091
1226 0.7545833333333334
1227 0.68875
1228 0.855
1229 0.8425
1230 0.7925
1231 0.7466666666666667
1232 0.9571428571428572
1233 0.7819230769230769
1234 0.849375
1235 0.7145833333333333
1236 0.93125
1237 0.575
1238 0.7264285714285714
1239 0.786875
1240 0.8821428571428571
1241 0.745625
1242 0.6771428571428572
1243 0.72
1244 0.8738461538461538
1245 0.74125
1246 0.81875
1247 0.8688888888888889
1248 0.9220833333333334
1249 0.8381818181818181
1250 0.8527272727272728
1251 0.7957142857142857
1252 0.58375
1253 0.8707142857142857
1254 0.9440909090909091
1255 0.835
1256 0.8966666666666666
1257 0.77
1258 0.7475
1259 0.76125
1260 0.7785
1261 0.8
1262 0.8633333333333333
1263 0.9338888888888889
1264 0.792
1265 0.7825
1266 0.8775
1267 0.8175
1268 0.779
1269 0.8594444444444445
1270 0.727
1271 0.76625
1272 0.7895
1273 0.712
1274 0.7889285714285714
1275 0.7629166666666667
1276 0.901
1277 0.701
1278 0.743125
1279 0.8266666666666667
1280 0.875
1281 0.8628571428571429
1282 0.8478571428571429
1283 0.8505
1284 0.869
1285 0.7630769230769231
1286 0.8018181818181818
1287 0.7557142857142857
1288 0.6803846153846154
1289 0.8925
1290 0.7804166666666666
1291 0.7865
1292 0.743
1293 0.8045
1294 0.8175
1295 0.77875
1296 0.7575
1297 0.9383333333333334
1298 0.8668181818181818
1299 0.775
1300 0.77
1301 0.8207142857142857
1302 0.8905555555555555
1303 0.9338888888888889
1304 0.85
1305 0.69125
1306 0.8553846153846154
1307 0.7664285714285715
1308 0.735
1309 0.835
1310 0.7485
1311 0.8469230769230769
1312 0.7757142857142857
1313 0.8172727272727273
1314 0.8295
1315 0.844
1316 0.7378947368421053
1317 0.7939285714285714
1318 0.8642307692307692
1319 0.8461111111111111
1320 0.8261538461538461
1321 0.7061538461538461
1322 0.8040625
1323 0.8508333333333333
1324 0.8455555555555555
1325 0.7211111111111111
1326 0.8366666666666667
1327 0.72
1328 0.785
1329 0.7866666666666666
1330 0.5795454545454546
1331 0.9181818181818182
1332 0.8678571428571429
1333 0.8246153846153846
1334 0.741
1335 0.7527777777777778
1336 0.87375
1337 0.785
1338 0.816875
1339 0.7475
1340 0.6327272727272727
1341 0.7507142857142857
1342 0.9181818181818182
1343 0.7973333333333333
1344 0.8425
1345 0.6140909090909091
1346 0.7318181818181818
1347 0.8196153846153846
1348 0.6875
1349 0.7576923076923077
1350 0.7029166666666666
1351 0.7984615384615384
1352 0.7333333333333333
1353 0.716875
1354 0.832
1355 0.7557142857142857
1356 0.671
1357 0.7388461538461538
1358 0.8216666666666667
1359 0.8336666666666667
1360 0.7625
1361 0.7817857142857143
1362 0.8430769230769231
1363 0.78
1364 0.965
1365 0.6842857142857143
1366 0.8054545454545454
1367 0.7696428571428572
1368 0.8123076923076923
1369 0.740625
1370 0.71
1371 0.8053846153846154
1372 0.765
1373 0.958076923076923
1374 0.7895
1375 0.8894444444444445
1376 0.7222727272727273
1377 0.7236363636363636
1378 0.8613636363636363
1379 0.7441176470588236
1380 0.7729166666666667
1381 0.7603846153846154
1382 0.8915
1383 0.831
1384 0.86
1385 0.844375
1386 0.7642857142857142
1387 0.7131818181818181
1388 0.8978571428571429
1389 0.6679166666666667
1390 0.7983333333333333
1391 0.8821428571428571
1392 0.9341666666666667
1393 0.8478571428571429
1394 0.891875
1395 0.8011764705882353
1396 0.7765384615384615
1397 0.7761111111111111
1398 0.8416666666666667
1399 0.7305555555555555
1400 0.6954166666666667
1401 0.7335714285714285
1402 0.7904545454545454
1403 0.815
1404 0.664375
1405 0.7217857142857143
1406 0.8054545454545454
1407 0.8777777777777778
1408 0.8121875
1409 0.7685
1410 0.7
1411 0.93
1412 0.8490909090909091
1413 0.7745454545454545
1414 0.7855
1415 0.6865625
1416 0.58625
1417 0.7356666666666667
1418 0.8569444444444444
1419 0.675
1420 0.7273333333333334
1421 0.7861764705882353
1422 0.785
1423 0.6971428571428572
1424 0.8261764705882353
1425 0.9533333333333334
1426 0.8490909090909091
1427 0.7453333333333333
1428 0.994375
1429 0.6681818181818182
1430 0.915
1431 0.8445
1432 0.8228571428571428
1433 0.8495
1434 0.744
1435 0.7525
1436 0.8677777777777778
1437 0.8157142857142857
1438 0.6968181818181818
1439 0.8716666666666667
1440 0.6815
1441 0.9120833333333334
1442 0.6766666666666666
1443 0.885
1444 0.7804166666666666
1445 0.7142857142857143
1446 0.8234615384615385
1447 0.7872727272727272
1448 0.9625
1449 0.81
1450 0.9188461538461539
1451 0.882
1452 0.7931818181818182
1453 0.7678571428571429
1454 0.7495833333333334
1455 0.695
1456 0.8765384615384615
1457 0.8945
1458 0.7873333333333333
1459 0.8178571428571428
1460 0.7971428571428572
1461 0.8916666666666667
1462 0.8
1463 0.8365384615384616
1464 0.69875
1465 0.730625
1466 0.679375
1467 0.8134615384615385
1468 0.7432142857142857
1469 0.7125
1470 0.8885
1471 0.7894444444444444
1472 0.7096153846153846
1473 0.7678571428571429
1474 0.8344444444444444
1475 0.8925
1476 0.8586363636363636
1477 0.7239285714285715
1478 0.6828571428571428
1479 0.8515
1480 0.8068181818181818
1481 0.845
1482 0.7456666666666667
1483 0.8561111111111112
1484 0.7765384615384615
1485 0.75
1486 0.8868181818181818
1487 0.7392307692307692
1488 0.846
1489 0.8440909090909091
1490 0.715
1491 0.8385
1492 0.88
1493 0.7794444444444445
1494 0.79625
1495 0.7996666666666666
1496 0.7490909090909091
1497 0.825
1498 0.875
1499 0.833076923076923
1500 0.7477777777777778
1501 0.686923076923077
1502 0.7910714285714285
1503 0.8304545454545454
1504 0.6945454545454546
1505 0.6485
1506 0.7088888888888889
1507 0.5861111111111111
1508 0.8542857142857143
1509 0.7391666666666666
1510 0.8146153846153846
1511 0.8509523809523809
1512 0.816875
1513 0.8807142857142857
1514 0.7846875
1515 0.7482142857142857
1516 0.8997619047619048
1517 0.7205263157894737
1518 0.8314285714285714
1519 0.845
1520 0.8428571428571429
1521 0.8571428571428571
1522 0.7763636363636364
1523 0.7603125
1524 0.58375
1525 0.8035294117647059
1526 0.7972222222222223
1527 0.7203846153846154
1528 0.8670588235294118
1529 0.8275
1530 0.892
1531 0.7871875
1532 0.8110714285714286
1533 0.6966666666666667
1534 0.9088888888888889
1535 0.825625
1536 0.8672727272727273
1537 0.9286666666666666
1538 0.8372727272727273
1539 0.691
1540 0.8363636363636363
1541 0.7530769230769231
1542 0.8081818181818182
1543 0.6575
1544 0.7775
1545 0.7557142857142857
1546 0.8632352941176471
1547 0.8440909090909091
1548 0.784
1549 0.7954545454545454
1550 0.6392857142857142
1551 0.81
1552 0.7707142857142857
1553 0.891
1554 0.8396666666666667
1555 0.8853571428571428
1556 0.70125
1557 0.8435
1558 0.5357142857142857
1559 0.78
1560 0.6883333333333334
1561 0.6238888888888889
1562 0.833
1563 0.91
1564 0.886
1565 0.868125
1566 0.78
1567 0.8895833333333333
1568 0.7372222222222222
1569 0.7883333333333333
1570 0.8589285714285714
1571 0.8340909090909091
1572 0.8086363636363636
1573 0.7753571428571429
1574 0.8025
1575 0.7980769230769231
1576 0.8764285714285714
1577 0.8833333333333333
1578 0.7014285714285714
1579 0.8735
1580 0.7516666666666667
1581 0.7825
1582 0.8128571428571428
1583 0.88625
1584 0.8427777777777777
1585 0.8225
1586 0.7822222222222223
1587 0.8125
1588 0.7584615384615384
1589 0.7758823529411765
1590 0.788125
1591 0.8460714285714286
1592 0.7665625
1593 0.7371428571428571
1594 0.799375
1595 0.8809090909090909
1596 0.7854166666666667
1597 0.8395
1598 0.8168181818181818
1599 0.8731818181818182
1600 0.676875
1601 0.5878571428571429
1602 0.72
1603 0.9559090909090909
1604 0.831875
1605 0.8426923076923077
1606 0.75
1607 0.8331818181818181
1608 0.7764285714285715
1609 0.8184615384615385
1610 0.8680769230769231
1611 0.83
1612 0.8736363636363637
1613 0.7558333333333334
1614 0.93375
1615 0.6911111111111111
1616 0.7642857142857142
1617 0.8440909090909091
1618 0.964
1619 0.845
1620 0.7055
1621 0.79875
1622 0.8622222222222222
1623 0.7429166666666667
1624 0.8427272727272728
1625 0.8581818181818182
1626 0.8061538461538461
1627 0.755
1628 0.8366666666666667
1629 0.7159375
1630 0.697
1631 0.816875
1632 0.84
1633 0.738
1634 0.7554545454545455
1635 0.7516666666666667
1636 0.6775
1637 0.8585714285714285
1638 0.7902941176470588
1639 0.8705
1640 0.7233333333333334
1641 0.8976923076923077
1642 0.9158333333333334
1643 0.7705
1644 0.8768181818181818
1645 0.7618181818181818
1646 0.8225
1647 0.8172222222222222
1648 0.7775
1649 0.7061538461538461
1650 0.7913888888888889
1651 0.92
1652 0.801923076923077
1653 0.888235294117647
1654 0.86875
1655 0.7555555555555555
1656 0.7357142857142858
1657 0.6496875
1658 0.818
1659 0.79
1660 0.6806666666666666
1661 0.824375
1662 0.8679166666666667
1663 0.7025
1664 0.8178571428571428
1665 0.8546153846153847
1666 0.825
1667 0.8615
1668 0.86875
1669 0.796
1670 0.76375
1671 0.8795
1672 0.7542857142857143
1673 0.9007142857142857
1674 0.7269230769230769
1675 0.7523076923076923
1676 0.7915384615384615
1677 0.770625
1678 0.7942307692307692
1679 0.818125
1680 0.9072727272727272
1681 0.703
1682 0.7592307692307693
1683 0.897
1684 0.7275
1685 0.84
1686 0.799375
1687 0.7653125
1688 0.8027777777777778
1689 0.7313333333333333
1690 0.8422222222222222
1691 0.746
1692 0.7692307692307693
1693 0.9773076923076923
1694 0.833125
1695 0.6781818181818182
1696 0.89
1697 0.925
1698 0.786
1699 0.901875
1700 0.8854545454545455
1701 0.8573333333333333
1702 0.8475
1703 0.9354545454545454
1704 0.7833333333333333
1705 0.735625
1706 0.801
1707 0.81
1708 0.8159090909090909
1709 0.84875
1710 0.8210714285714286
1711 0.7704545454545455
1712 0.7075
1713 0.806923076923077
1714 0.8540909090909091
1715 0.6027777777777777
1716 0.837
1717 0.8591666666666666
1718 0.7611111111111111
1719 0.86
1720 0.8505
1721 0.7603571428571428
1722 0.8054545454545454
1723 0.7468181818181818
1724 0.77
1725 0.6438461538461538
1726 0.8610714285714286
1727 0.7935
1728 0.7508823529411764
1729 0.6825
1730 0.95875
1731 0.8291176470588235
1732 0.8214705882352941
1733 0.7856666666666666
1734 0.744
1735 0.7471875
1736 0.9591666666666666
1737 0.7586363636363637
1738 0.747
1739 0.8955555555555555
1740 0.7825
1741 0.7954545454545454
1742 0.7453333333333333
1743 0.7333333333333333
1744 0.7955555555555556
1745 0.9094444444444445
1746 0.858
1747 0.7318181818181818
1748 0.7230555555555556
1749 0.7568181818181818
1750 0.7975
1751 0.6916666666666667
1752 0.7992857142857143
1753 0.7540909090909091
1754 0.808
1755 1.0
1756 0.6794444444444444
1757 0.72875
1758 0.88
1759 0.7073076923076923
1760 0.8436363636363636
1761 0.8054545454545454
1762 0.8060714285714285
1763 0.8565384615384616
1764 0.85
1765 0.727
1766 0.7477777777777778
1767 0.7865
1768 0.7515
1769 0.8175
1770 0.7938461538461539
1771 0.8888888888888888
1772 0.8144117647058824
1773 0.740625
1774 0.7561538461538462
1775 0.7488235294117647
1776 0.797
1777 0.7970833333333334
1778 0.8102941176470588
1779 0.8642857142857143
1780 0.9440909090909091
1781 0.8434615384615385
1782 0.8370588235294117
1783 0.7789285714285714
1784 0.7422727272727273
1785 0.7466666666666667
1786 0.8677272727272727
1787 0.6868181818181818
1788 0.7255
1789 0.7880769230769231
1790 0.7961111111111111
1791 0.8727777777777778
1792 0.7738888888888888
1793 0.8270833333333333
1794 0.7569230769230769
1795 0.83
1796 0.8205555555555556
1797 0.6486363636363637
1798 0.8879166666666667
1799 0.8655555555555555
1800 0.8723529411764706
1801 0.88
1802 0.8396666666666667
1803 0.7011538461538461
1804 0.8294444444444444
1805 0.7527777777777778
1806 0.7525
1807 0.625
1808 0.8602941176470589
1809 0.625
1810 0.7282352941176471
1811 0.8629166666666667
1812 0.865625
1813 0.729375
1814 0.8322222222222222
1815 0.8675
1816 0.7972222222222223
1817 0.8207142857142857
1818 0.849
1819 0.7992857142857143
1820 0.849
1821 0.7092307692307692
1822 0.6966666666666667
1823 0.7578571428571429
1824 0.8029166666666666
1825 0.8568181818181818
1826 0.7992857142857143
1827 0.825625
1828 0.6775
1829 0.8052631578947368
1830 0.7429166666666667
1831 0.8825
1832 0.8353333333333334
1833 0.8555555555555555
1834 0.7879166666666667
1835 0.7858333333333334
1836 0.8120833333333334
1837 0.7525
1838 0.7639285714285714
1839 0.8410714285714286
1840 0.7441666666666666
1841 0.7171428571428572
1842 0.616875
1843 0.8868181818181818
1844 0.7814285714285715
1845 0.78
1846 0.862
1847 0.8741666666666666
1848 0.8808333333333334
1849 0.6442307692307693
1850 0.84625
1851 0.8691666666666666
1852 0.865
1853 0.7763333333333333
1854 0.8011111111111111
1855 0.7716666666666666
1856 0.8057142857142857
1857 0.706875
1858 0.8221428571428572
1859 0.7207142857142858
1860 0.850625
1861 0.8716666666666667
1862 0.7664285714285715
1863 0.8779166666666667
1864 0.783235294117647
1865 0.8033333333333333
1866 0.811
1867 0.6865
1868 0.6288888888888889
1869 0.9045454545454545
1870 0.784375
1871 0.8981818181818182
1872 0.7671428571428571
1873 0.7703125
1874 0.7866666666666666
1875 0.7263636363636363
1876 0.9095833333333333
1877 0.8085
1878 0.7408333333333333
1879 0.834
1880 0.8768181818181818
1881 0.744
1882 0.7775
1883 0.6635714285714286
1884 0.7754166666666666
1885 0.847
1886 0.7155
1887 0.7527272727272727
1888 0.775625
1889 0.7128571428571429
1890 0.7342307692307692
1891 0.873125
1892 0.6945454545454546
1893 0.8472222222222222
1894 0.8272222222222222
1895 0.822
1896 0.76125
1897 0.8375
1898 0.6938461538461539
1899 0.8123333333333334
1900 0.9404545454545454
1901 0.7546153846153846
1902 0.6933333333333334
1903 0.92
1904 0.8045833333333333
1905 0.79
1906 0.812
1907 0.7418181818181818
1908 0.8278571428571428
1909 0.7258333333333333
1910 0.8133333333333334
1911 0.7841666666666667
1912 0.7296428571428571
1913 0.76
1914 0.7141666666666666
1915 0.7792857142857142
1916 0.7025
1917 0.69
1918 0.686
1919 0.848
1920 0.7913636363636364
1921 0.8382142857142857
1922 0.85375
1923 0.8153846153846154
1924 0.7920833333333334
1925 0.8682352941176471
1926 0.8554166666666667
1927 0.8138461538461539
1928 0.733125
1929 0.919
1930 0.7683333333333333
1931 0.7859090909090909
1932 0.8814285714285715
1933 0.771875
1934 0.91875
1935 0.8326923076923077
1936 0.8485714285714285
1937 0.7884375
1938 0.8304166666666667
1939 0.9778571428571429
1940 0.9221428571428572
1941 0.825
1942 0.826875
1943 0.8477272727272728
1944 0.7495454545454545
1945 0.6534615384615384
1946 0.8475
1947 0.73
1948 0.775
1949 0.7857142857142857
1950 0.8394444444444444
1951 0.8592857142857143
1952 0.7175
1953 0.7342857142857143
1954 0.805
1955 0.7683333333333333
1956 0.8872222222222222
1957 0.785
1958 0.8107142857142857
1959 0.8645833333333334
1960 0.9436363636363636
1961 0.7855555555555556
1962 0.876
1963 0.885
1964 0.8281818181818181
1965 0.9433333333333334
1966 0.7753846153846153
1967 0.6794444444444444
1968 0.616875
1969 0.8969230769230769
1970 0.8346875
1971 0.8842857142857142
1972 0.8534615384615385
1973 0.8958333333333334
1974 0.707
1975 0.690625
1976 0.7586363636363637
1977 0.9333333333333333
1978 0.7807692307692308
1979 0.85875
1980 0.8384615384615385
1981 0.936
1982 0.82375
1983 0.715
1984 0.7744444444444445
1985 0.9522727272727273
1986 0.6357142857142857
1987 0.6853571428571429
1988 0.8023076923076923
1989 0.7520833333333333
1990 0.8688888888888889
1991 0.8554166666666667
1992 0.858
1993 0.6942857142857143
1994 0.8168181818181818
1995 0.7166666666666667
1996 0.8104166666666667
1997 0.845625
1998 0.74875
1999 0.6525
2000 0.89125
2001 0.8573076923076923
2002 0.742
2003 0.8558333333333333
2004 0.8759090909090909
2005 0.8496666666666667
2006 0.746
2007 0.7325
2008 0.8485714285714285
2009 0.8283333333333334
2010 0.7475
2011 0.785
2012 0.713125
2013 0.7405555555555555
2014 0.685
2015 0.8718181818181818
2016 0.8405
2017 0.853
2018 0.8608333333333333
2019 0.9245833333333333
2020 0.7525
2021 0.822
2022 0.929
2023 0.7838461538461539
2024 0.805
2025 0.8946875
2026 0.74625
2027 0.6810714285714285
2028 0.816
2029 0.726764705882353
2030 0.751
2031 0.898
2032 0.7379166666666667
2033 0.8258823529411765
2034 0.8407692307692308
2035 0.8003571428571429
2036 0.7891666666666667
2037 0.7092307692307692
2038 0.7668181818181818
2039 0.8540909090909091
2040 0.8975
2041 0.8061111111111111
2042 0.8590909090909091
2043 0.7065625
2044 0.8016666666666666
2045 0.87
2046 0.829375
2047 0.8663333333333333
2048 0.801923076923077
2049 0.8708333333333333
2050 0.825625
2051 0.633
2052 0.7266666666666667
2053 0.7461538461538462
2054 0.745625
2055 0.6966666666666667
2056 0.8007142857142857
2057 0.67
2058 0.665
2059 0.6955882352941176
2060 0.6955555555555556
2061 0.923125
2062 0.7566666666666667
2063 0.8410714285714286
2064 0.8754545454545455
2065 0.8345454545454546
2066 0.7696666666666667
2067 0.8614285714285714
2068 0.8094444444444444
2069 0.83
2070 0.8568421052631578
2071 0.710625
2072 0.8527272727272728
2073 0.675
2074 0.9544444444444444
2075 0.738
2076 0.6872222222222222
2077 0.7938888888888889
2078 0.7855
2079 0.8588235294117647
2080 0.8654166666666666
2081 0.88125
2082 0.76625
2083 0.7946153846153846
2084 0.7971428571428572
2085 0.8089285714285714
2086 0.9428571428571428
2087 0.8713636363636363
2088 0.7709090909090909
2089 0.9081818181818182
2090 0.7657692307692308
2091 0.8755
2092 0.8021428571428572
2093 0.7021428571428572
2094 0.63
2095 0.7846428571428572
2096 0.7918181818181819
2097 0.8821428571428571
2098 0.8547058823529412
2099 0.8315
2100 0.7666666666666667
2101 0.8215384615384616
2102 0.739
2103 0.805
2104 0.7476923076923077
2105 0.7669444444444444
2106 0.8516666666666667
2107 0.7696153846153846
2108 0.8026923076923077
2109 0.826875
2110 0.72625
2111 0.80375
2112 0.8220833333333334
2113 0.8523684210526316
2114 0.6966666666666667
2115 0.8526923076923076
2116 0.7808333333333334
2117 0.7519230769230769
2118 0.7584615384615384
2119 1.0
2120 0.9346153846153846
2121 0.8657692307692307
2122 0.896875
2123 0.7261538461538461
2124 0.868125
2125 0.79
2126 0.8215
2127 0.7905
2128 0.8294444444444444
2129 0.6357692307692308
2130 0.7875
2131 0.71875
2132 0.7864285714285715
2133 0.72375
2134 0.771578947368421
2135 0.781
2136 0.77
2137 0.7659090909090909
2138 0.7991666666666667
2139 0.7786111111111111
2140 0.8886666666666667
2141 0.7613333333333333
2142 0.734
2143 0.8385714285714285
2144 0.8569230769230769
2145 0.7791666666666667
2146 0.905
2147 0.7215384615384616
2148 0.7634615384615384
2149 0.855
2150 0.875
2151 0.8868181818181818
2152 0.8057142857142857
2153 0.821923076923077
2154 0.7077777777777777
2155 0.7342307692307692
2156 0.74475
2157 0.8171428571428572
2158 0.8090909090909091
2159 0.7583333333333333
2160 0.7635
2161 0.8878571428571429
2162 0.816923076923077
2163 0.750625
2164 0.7031818181818181
2165 0.8765
2166 0.7611538461538462
2167 0.8340909090909091
2168 0.7694444444444445
2169 0.6979166666666666
2170 0.6992857142857143
2171 0.8535714285714285
2172 0.8413636363636363
2173 0.8895
2174 0.7234615384615385
2175 0.8729166666666667
2176 0.8108333333333333
2177 0.6395
2178 0.69
2179 0.8414705882352941
2180 0.7877777777777778
2181 0.8139285714285714
2182 0.7933333333333333
2183 0.8492857142857143
2184 0.8110714285714286
2185 0.9220833333333334
2186 0.845
2187 0.7744444444444445
2188 0.8468181818181818
2189 0.6909090909090909
2190 0.72
2191 0.8058823529411765
2192 0.7559090909090909
2193 0.75
2194 0.7944444444444444
2195 0.8104166666666667
2196 0.7878571428571428
2197 0.751
2198 0.825
2199 0.6541666666666667
2200 0.7525
2201 0.835
2202 0.771875
2203 0.865
2204 0.8678571428571429
2205 0.765
2206 0.8707692307692307
2207 0.6111111111111112
2208 0.8225
2209 0.8604166666666667
2210 0.7577777777777778
2211 0.8175
2212 0.8727777777777778
2213 0.8953571428571429
2214 0.6281818181818182
2215 0.9445833333333333
2216 0.7686363636363637
2217 0.7704166666666666
2218 0.8507142857142858
2219 0.7905555555555556
2220 0.7572727272727273
2221 0.8114285714285714
2222 0.773
2223 0.67375
2224 0.8011111111111111
2225 0.935
2226 0.6944444444444444
2227 0.7961904761904762
2228 0.9109090909090909
2229 0.8588888888888889
2230 0.7973076923076923
2231 0.795
2232 0.735
2233 0.8429166666666666
2234 0.8815
2235 0.7491176470588236
2236 0.7525
2237 0.8615384615384616
2238 0.9395
2239 0.7933333333333333
2240 0.6831818181818182
2241 0.7886363636363637
2242 0.754
2243 0.7996666666666666
2244 0.8754545454545455
2245 0.709
2246 0.58
2247 0.8434375
2248 0.7516666666666667
2249 0.8488888888888889
2250 0.7616666666666667
2251 0.7621428571428571
2252 0.78
2253 0.8139285714285714
2254 0.84625
2255 0.7042857142857143
2256 0.748
2257 0.6994444444444444
2258 0.8346153846153846
2259 0.8326923076923077
2260 0.759
2261 0.6368181818181818
2262 0.7729166666666667
2263 0.8205
2264 0.845
2265 0.945
2266 0.7457692307692307
2267 0.7716666666666666
2268 0.8256666666666667
2269 0.8661111111111112
2270 0.8406666666666667
2271 0.9205555555555556
2272 0.8408333333333333
2273 0.7622727272727273
2274 0.8425
2275 0.7933333333333333
2276 0.8776666666666667
2277 0.7856666666666666
2278 0.81375
2279 0.78375
2280 0.785
2281 0.7304545454545455
2282 0.7169230769230769
2283 0.81875
2284 0.8103571428571429
2285 0.78525
2286 0.865909090909091
2287 0.874
2288 0.853
2289 0.8921428571428571
2290 0.8215384615384616
2291 0.8805555555555555
2292 0.8015
2293 0.8907692307692308
2294 0.8211538461538461
2295 0.7339285714285714
2296 0.8673076923076923
2297 0.8038461538461539
2298 0.7890909090909091
2299 0.7929166666666667
2300 0.75
2301 0.8033333333333333
2302 0.7116666666666667
2303 0.854
2304 0.812
2305 0.8755
2306 0.6716666666666666
2307 0.8583333333333333
2308 0.662
2309 0.7976666666666666
2310 0.7
2311 0.938125
2312 0.6608333333333334
2313 0.7471428571428571
2314 0.8986363636363637
2315 0.8054166666666667
2316 0.6760714285714285
2317 0.6492307692307693
2318 0.865
2319 0.878125
2320 0.69
2321 0.8277777777777777
2322 0.7991666666666667
2323 0.895
2324 0.7565625
2325 0.8095454545454546
2326 0.6471428571428571
2327 0.562
2328 0.82625
2329 0.7377777777777778
2330 0.7779166666666667
2331 0.8095833333333333
2332 0.919375
2333 0.8844444444444445
2334 0.7583333333333333
2335 0.816764705882353
2336 0.856
2337 0.6508333333333334
2338 0.9094444444444445
2339 0.7377777777777778
2340 0.7716666666666666
2341 0.8663333333333333
2342 0.8229166666666666
2343 0.7859375
2344 0.66
2345 0.831875
2346 0.8035714285714286
2347 0.8013636363636364
2348 0.650625
2349 0.8454166666666667
2350 0.7688888888888888
2351 0.8063636363636364
2352 0.85375
2353 0.800625
2354 0.745
2355 0.914375
2356 0.812
2357 0.8003846153846154
2358 0.7572222222222222
2359 0.6591666666666667
2360 0.818076923076923
2361 0.88875
2362 0.76
2363 0.794375
2364 0.7685
2365 0.7575
2366 0.7503571428571428
2367 0.8640625
2368 0.7713333333333333
2369 0.774
2370 0.806875
2371 0.6875
2372 0.76
2373 0.7611538461538462
2374 0.799375
2375 0.7878571428571428
2376 0.7461111111111111
2377 0.8029166666666666
2378 0.70625
2379 0.9342857142857143
2380 0.80875
2381 0.9158333333333334
2382 0.8129166666666666
2383 0.9592857142857143
2384 0.88875
2385 0.8836363636363637
2386 0.7883333333333333
2387 0.8040909090909091
2388 0.6859090909090909
2389 0.7995833333333333
2390 0.7965
2391 0.7566666666666667
2392 0.7068181818181818
2393 0.896
2394 0.8288888888888889
2395 0.8318181818181818
2396 0.9072727272727272
2397 0.780625
2398 0.6672222222222223
2399 0.9140909090909091
2400 0.8329166666666666
2401 0.78
2402 0.7557142857142857
2403 0.8125
2404 0.7776923076923077
2405 0.734375
2406 0.91
2407 0.8778571428571429
2408 0.6553846153846153
2409 0.9657142857142857
2410 0.8222727272727273
2411 0.8136111111111111
2412 0.58
2413 0.9204166666666667
2414 0.7390909090909091
2415 0.84
2416 0.7733333333333333
2417 0.6745
2418 0.8257692307692308
2419 0.9472222222222222
2420 0.8
2421 0.82
2422 0.8577272727272728
2423 0.7989285714285714
2424 0.803
2425 0.8989285714285714
2426 0.809
2427 0.88875
2428 0.685
2429 0.748125
2430 0.72875
2431 0.8555555555555555
2432 0.875625
2433 0.777
2434 0.8355555555555556
2435 0.695
2436 0.6709090909090909
2437 0.65
2438 0.805
2439 0.8296428571428571
2440 0.8703333333333333
2441 0.7831818181818182
2442 0.81625
2443 0.7067857142857142
2444 0.9927272727272727
2445 0.8405555555555555
2446 0.6235714285714286
2447 0.8422222222222222
2448 0.8141666666666667
2449 0.7103333333333334
2450 0.8571428571428571
2451 0.8391666666666666
2452 0.75625
2453 0.8470833333333333
2454 0.91
2455 0.8345454545454546
2456 0.8695
2457 0.884
2458 0.740625
2459 0.7430769230769231
2460 0.8083333333333333
2461 0.71375
2462 0.8843333333333333
2463 0.8168181818181818
2464 0.8672222222222222
2465 0.7817647058823529
2466 0.675
2467 0.7557142857142857
2468 0.8253571428571429
2469 0.7979166666666667
2470 0.7922222222222223
2471 0.7908333333333334
2472 0.6825
2473 0.8153846153846154
2474 0.7960714285714285
2475 0.6876923076923077
2476 0.7744117647058824
2477 0.803076923076923
2478 0.7736363636363637
2479 0.8915
2480 0.7777272727272727
2481 0.8240909090909091
2482 0.7235714285714285
2483 0.84
2484 0.805
2485 0.799
2486 0.8316666666666667
2487 0.7386842105263158
2488 0.8325
2489 0.8805555555555555
2490 0.6475
2491 0.804
2492 0.849
2493 0.679
2494 0.8039473684210526
2495 0.8333333333333334
2496 0.865
2497 0.8122727272727273
2498 0.79625
2499 0.8204545454545454
2500 0.7805555555555556
2501 0.814
2502 0.873
2503 0.8073333333333333
2504 0.83375
2505 0.703
2506 0.7876923076923077
2507 0.7377777777777778
2508 0.785
2509 0.8805555555555555
2510 0.8132352941176471
2511 0.8025
2512 0.8072222222222222
2513 0.8352941176470589
2514 0.6661764705882353
2515 0.6360714285714286
2516 0.690625
2517 0.7664285714285715
2518 0.38
2519 0.7166666666666667
2520 0.6983333333333334
2521 0.914375
2522 0.8033333333333333
2523 0.8815384615384615
2524 0.8263636363636364
2525 0.8118181818181818
2526 0.8781818181818182
2527 0.6775
2528 0.7883333333333333
2529 0.823
2530 0.7475
2531 0.6414285714285715
2532 0.8435714285714285
2533 0.7978571428571428
2534 0.9375
2535 0.7859090909090909
2536 0.791
2537 0.7675
2538 0.9155555555555556
2539 0.8925
2540 0.8476923076923077
2541 0.864375
2542 0.7594444444444445
2543 0.8755
2544 0.6963636363636364
2545 0.745
2546 0.7961538461538461
2547 0.6958333333333333
2548 0.7766666666666666
2549 0.82
2550 0.7777777777777778
2551 0.7022727272727273
2552 0.89625
2553 0.725
2554 0.8033333333333333
2555 0.6895
2556 0.8695454545454545
2557 0.67375
2558 0.81375
2559 0.7857692307692308
2560 0.8384615384615385
2561 0.6881818181818182
2562 0.7875
2563 0.7766666666666666
2564 0.806923076923077
2565 0.8841666666666667
2566 0.8018181818181818
2567 0.7809090909090909
2568 0.7566666666666667
2569 0.7717857142857143
2570 0.8058823529411765
2571 0.6988461538461539
2572 0.85
2573 0.8773333333333333
2574 0.8795
2575 0.9395
2576 0.8442857142857143
2577 0.8194444444444444
2578 0.863
2579 0.7586363636363637
2580 0.6475
2581 0.7313333333333333
2582 0.72375
2583 0.782
2584 0.7665384615384615
2585 0.802
2586 0.8167857142857143
2587 0.7207692307692307
2588 0.7258333333333333
2589 0.8470833333333333
2590 0.8863636363636364
2591 1.0
2592 0.715625
2593 0.812
2594 0.90625
2595 0.8765
2596 0.7019230769230769
2597 0.775
2598 0.7507692307692307
2599 0.8618421052631579
2600 0.683
2601 0.745
2602 0.7825
2603 0.865
2604 0.91
2605 0.804
2606 0.6588461538461539
2607 0.8507142857142858
2608 0.8475
2609 0.8896428571428572
2610 0.8482142857142857
2611 0.795
2612 0.915
2613 0.8661111111111112
2614 0.799
2615 0.87
2616 0.856
2617 0.9566666666666667
2618 0.808125
2619 0.7996428571428571
2620 0.8684615384615385
2621 0.825
2622 0.7495833333333334
2623 0.766
2624 0.825
2625 0.75875
2626 0.7258333333333333
2627 0.768
2628 0.7695454545454545
2629 0.7289285714285715
2630 0.754
2631 0.7484375
2632 0.635
2633 0.7889285714285714
2634 0.7822222222222223
2635 0.6486363636363637
2636 0.6895
2637 0.7884615384615384
2638 0.8908333333333334
2639 0.8525
2640 0.7694444444444445
2641 0.8067857142857143
2642 0.88625
2643 0.7757142857142857
2644 0.8070833333333334
2645 0.7845
2646 0.8053333333333333
2647 0.7225
2648 0.8395833333333333
2649 0.745
2650 0.7733333333333333
2651 0.7583333333333333
2652 0.9067857142857143
2653 0.6875
2654 0.7784615384615384
2655 0.852
2656 0.865
2657 0.8944444444444445
2658 0.6765384615384615
2659 0.815
2660 0.6879166666666666
2661 0.7885714285714286
2662 0.6715384615384615
2663 0.7653333333333333
2664 0.7325
2665 0.865
2666 0.8494444444444444
2667 0.806923076923077
2668 0.865
2669 0.7505
2670 0.8775
2671 0.8220833333333334
2672 0.927
2673 0.8525
2674 0.8425
2675 0.7971052631578948
2676 0.834
2677 0.7909090909090909
2678 0.6317857142857143
2679 0.8038461538461539
2680 0.8181818181818182
2681 0.7718181818181818
2682 0.685
2683 0.8540909090909091
2684 0.7111111111111111
2685 0.7746666666666666
2686 0.8213333333333334
2687 0.8572727272727273
2688 0.7113636363636363
2689 0.7075
2690 0.8655882352941177
2691 0.8508333333333333
2692 0.865
2693 0.6518181818181819
2694 0.8028125
2695 0.7334615384615385
2696 0.8022727272727272
2697 0.7345454545454545
2698 0.8428571428571429
2699 0.8895454545454545
2700 0.851
2701 0.7618181818181818
2702 0.7329166666666667
2703 0.8121875
2704 0.795
2705 0.8436666666666667
2706 0.7111111111111111
2707 0.9315
2708 0.7354166666666667
2709 0.6481818181818182
2710 0.774
2711 0.8425
2712 0.814
2713 0.7758333333333334
2714 0.75625
2715 0.8457142857142858
2716 0.7633333333333333
2717 0.863125
2718 0.6665625
2719 0.8005555555555556
2720 0.7760714285714285
2721 0.7657692307692308
2722 0.795
2723 0.6996153846153846
2724 0.86375
2725 0.6633333333333333
2726 0.973
2727 0.8479166666666667
2728 0.8608333333333333
2729 0.757
2730 0.8476666666666667
2731 0.8836842105263157
2732 0.908
2733 0.8023076923076923
2734 0.7129411764705882
2735 0.6925
2736 0.7483333333333333
2737 0.8066666666666666
2738 0.7192857142857143
2739 0.7715384615384615
2740 0.7141176470588235
2741 0.875
2742 0.6666666666666666
2743 0.8661111111111112
2744 0.825
2745 0.8279166666666666
2746 0.8625
2747 0.8046153846153846
2748 0.7672727272727272
2749 0.9115
2750 0.8122727272727273
2751 0.7940909090909091
2752 0.7228571428571429
2753 0.71
2754 0.794
2755 0.9416666666666667
2756 0.8475
2757 0.7569230769230769
2758 0.89875
2759 0.7607142857142857
2760 0.85
2761 0.9228571428571428
2762 0.825
2763 0.918
2764 0.7859090909090909
2765 0.8815625
2766 0.8763636363636363
2767 0.8123076923076923
2768 0.9135
2769 0.8983333333333333
2770 0.7330769230769231
2771 0.8497368421052631
2772 0.8258333333333333
2773 0.780625
2774 0.7422222222222222
2775 0.8678125
2776 0.86
2777 0.863
2778 0.879
2779 0.804
2780 0.865
2781 0.8796153846153846
2782 0.7846153846153846
2783 0.8573076923076923
2784 0.7704166666666666
2785 0.9016666666666666
2786 0.775
2787 0.8266666666666667
2788 0.8880769230769231
2789 0.8825
2790 0.8154166666666667
2791 0.7286363636363636
2792 0.735
2793 0.7827777777777778
2794 0.7864285714285715
2795 0.8266666666666667
2796 0.6696428571428571
2797 0.8196666666666667
2798 0.7582142857142857
2799 0.8689285714285714
2800 0.7918181818181819
2801 0.8634615384615385
2802 0.87
2803 0.835
2804 0.7665384615384615
2805 0.876875
2806 0.7479166666666667
2807 0.78
2808 0.7196428571428571
2809 0.69
2810 0.8214705882352941
2811 0.7488461538461538
2812 0.7403846153846154
2813 0.9110714285714285
2814 0.8165
2815 0.7559090909090909
2816 0.8438888888888889
2817 0.7777272727272727
2818 0.6734615384615384
2819 0.7883333333333333
2820 0.8730769230769231
2821 0.8344444444444444
2822 0.6369811320754717
2823 0.61
2824 0.7126666666666667
2825 0.7804545454545454
2826 0.8242307692307692
2827 0.82125
2828 0.8275
2829 0.815
2830 0.805
2831 0.8825
2832 0.7504166666666666
2833 0.8694444444444445
2834 0.7676666666666667
2835 0.736875
2836 0.7546153846153846
2837 0.7538461538461538
2838 0.8983333333333333
2839 0.7504166666666666
2840 0.8881818181818182
2841 0.7996666666666666
2842 0.8164285714285714
2843 0.791875
2844 0.8566666666666667
2845 0.68
2846 0.8158333333333333
2847 0.83
2848 0.7871428571428571
2849 0.7472727272727273
2850 0.7677272727272727
2851 0.8210714285714286
2852 0.7646666666666667
2853 0.75
2854 0.9420833333333334
2855 0.855
2856 0.9277777777777778
2857 0.7627272727272727
2858 0.809
2859 0.7275
2860 0.7966666666666666
2861 0.88375
2862 0.895
2863 0.8254166666666667
2864 0.900625
2865 0.7522222222222222
2866 0.7852777777777777
2867 0.8428571428571429
2868 0.72125
2869 0.8626923076923076
2870 0.8017857142857143
2871 0.85
2872 0.6515
2873 0.7572222222222222
2874 0.6509375
2875 0.735909090909091
2876 0.7913636363636364
2877 0.84
2878 0.8283333333333334
2879 0.7222727272727273
2880 0.7946153846153846
2881 0.8185
2882 0.79875
2883 0.845
2884 0.92625
2885 0.7520833333333333
2886 0.8546153846153847
2887 0.8631818181818182
2888 0.8316666666666667
2889 0.6945454545454546
2890 0.7088888888888889
2891 0.8331818181818181
2892 0.835
2893 0.7568181818181818
2894 0.8466666666666667
2895 0.757
2896 0.8328571428571429
2897 0.899375
2898 0.933125
2899 0.885
2900 0.9094444444444445
2901 0.8730769230769231
2902 0.681923076923077
2903 0.874
2904 0.90875
2905 0.8505
2906 0.78
2907 0.805
2908 0.775
2909 0.8421428571428572
2910 0.7361111111111112
2911 0.7054545454545454
2912 0.8505555555555555
2913 0.7585714285714286
2914 0.8495454545454545
2915 0.85
2916 0.8521428571428571
2917 0.7458333333333333
2918 0.8320833333333333
2919 0.8515384615384616
2920 0.8719230769230769
2921 0.75625
2922 0.8854166666666666
2923 0.8214285714285714
2924 0.8396666666666667
2925 0.8673076923076923
2926 0.6966666666666667
2927 0.88
2928 0.8225
2929 0.71875
2930 0.8535
2931 0.8025
2932 0.75
2933 0.8922222222222222
2934 0.8239285714285715
2935 0.8688888888888889
2936 0.778125
2937 0.749375
2938 0.8027777777777778
2939 0.689
2940 0.737
2941 0.73625
2942 0.795
2943 0.8442857142857143
2944 0.8085294117647058
2945 0.7465
2946 0.8031818181818182
2947 0.90625
2948 0.9116666666666666
2949 0.646
2950 0.7657692307692308
2951 0.87625
2952 0.75
2953 0.9515
2954 0.7755882352941177
2955 0.8216666666666667
2956 0.7465384615384615
2957 0.705
2958 0.824
2959 0.8205
2960 0.8235714285714286
2961 0.733
2962 0.6692307692307692
2963 0.9295454545454546
2964 0.945
2965 0.5935714285714285
2966 0.8034375
2967 0.7896153846153846
2968 0.8516666666666667
2969 0.799
2970 0.7979166666666667
2971 0.6959090909090909
2972 0.8307142857142857
2973 0.6870833333333334
2974 0.6620833333333334
2975 0.815
2976 0.9258333333333333
2977 0.698
2978 0.7327777777777778
2979 0.9105
2980 0.7595833333333334
2981 0.7334615384615385
2982 0.7280769230769231
2983 0.8316666666666667
2984 0.7295833333333334
2985 0.8816666666666667
2986 0.801923076923077
2987 0.7181818181818181
2988 0.8227777777777778
2989 0.7841666666666667
2990 1.0
2991 0.803125
2992 0.7872727272727272
2993 0.7946428571428571
2994 0.6408823529411765
2995 0.7078571428571429
2996 0.8271428571428572
2997 0.8605555555555555
2998 0.80625
2999 0.7842857142857143
3000 0.7746428571428572
3001 0.654
3002 0.8546428571428571
3003 0.8344444444444444
3004 0.7354545454545455
3005 0.7644444444444445
3006 0.841875
3007 0.8320833333333333
3008 0.8983333333333333
3009 0.7027272727272728
3010 0.7805
3011 0.74375
3012 0.7171428571428572
3013 0.7507692307692307
3014 0.715
3015 0.7866666666666666
3016 0.8977272727272727
3017 0.8886363636363637
3018 0.8876666666666667
3019 0.835
3020 0.8595454545454545
3021 0.8091666666666667
3022 0.8485714285714285
3023 0.896
3024 0.7219230769230769
3025 0.769090909090909
3026 0.8970833333333333
3027 0.8773076923076923
3028 0.8905555555555555
3029 0.7742857142857142
3030 0.70625
3031 0.8741176470588236
3032 0.8045
3033 0.8419230769230769
3034 0.7741176470588236
3035 0.771
3036 0.8090909090909091
3037 0.8016666666666666
3038 0.7703571428571429
3039 0.8094444444444444
3040 0.705
3041 0.8855882352941177
3042 0.8345
3043 0.7926923076923077
3044 0.7057692307692308
3045 0.82
3046 0.8525
3047 0.8061538461538461
3048 0.7391666666666666
3049 0.7035
3050 0.8372222222222222
3051 0.865
3052 0.7265
3053 0.77
3054 0.8679166666666667
3055 0.808
3056 0.8808823529411764
3057 0.7803125
3058 0.7703333333333333
3059 0.8278571428571428
3060 0.775
3061 0.7445833333333334
3062 0.7985
3063 0.9122222222222223
3064 0.8127777777777778
3065 0.761
3066 0.8033333333333333
3067 0.8176666666666667
3068 0.7827272727272727
3069 0.855625
3070 0.795
3071 0.7305555555555555
3072 0.8135
3073 0.82875
3074 0.7711111111111111
3075 0.780625
3076 0.79
3077 0.8745
3078 0.827
3079 0.799
3080 0.833125
3081 0.8353846153846154
3082 0.9090909090909091
3083 0.7729166666666667
3084 0.8365384615384616
3085 0.79625
3086 0.8625
3087 0.77
3088 0.7417857142857143
3089 0.7745
3090 0.886875
3091 0.9005
3092 0.9175
3093 0.7355882352941177
3094 0.8145454545454546
3095 0.8461538461538461
3096 0.7086666666666667
3097 0.7345454545454545
3098 0.8563636363636363
3099 0.9322222222222222
3100 0.783125
3101 0.75
3102 0.7573076923076923
3103 0.7303846153846154
3104 0.8161538461538461
3105 0.7695454545454545
3106 0.9175
3107 0.8203125
3108 0.6104545454545455
3109 0.815
3110 0.7795454545454545
3111 0.6828571428571428
3112 0.8575
3113 0.8677777777777778
3114 0.8939285714285714
3115 0.75
3116 0.68375
3117 0.8008333333333333
3118 0.7918181818181819
3119 0.8633333333333333
3120 0.85375
3121 0.703125
3122 0.7811111111111111
3123 0.8
3124 0.7240909090909091
3125 0.6361538461538462
3126 0.76125
3127 0.8361538461538461
3128 0.7883333333333333
3129 0.7355555555555555
3130 0.8472222222222222
3131 0.8561764705882353
3132 0.8436666666666667
3133 0.7534615384615385
3134 0.8564285714285714
3135 0.8042307692307692
3136 0.6722727272727272
3137 0.8005
3138 0.8407692307692308
3139 0.721
3140 0.7
3141 0.8492307692307692
3142 0.795
3143 0.6938888888888889
3144 0.9010714285714285
3145 0.853125
3146 0.9146153846153846
3147 0.81375
3148 0.7863333333333333
3149 0.59625
3150 0.8021428571428572
3151 0.8320833333333333
3152 0.7425
3153 0.7756666666666666
3154 0.860625
3155 0.7966666666666666
3156 0.6757692307692308
3157 0.7772727272727272
3158 0.8141666666666667
3159 0.8838888888888888
3160 0.7033333333333334
3161 0.8891666666666667
3162 0.791
3163 0.8085
3164 0.765
3165 0.8033333333333333
3166 0.9173333333333333
3167 0.7241666666666666
3168 0.8546666666666667
3169 0.7526923076923077
3170 0.6840909090909091
3171 0.5955555555555555
3172 0.79375
3173 0.896875
3174 0.7679166666666667
3175 0.7805
3176 0.7229166666666667
3177 0.7546428571428572
3178 0.8325
3179 0.7945833333333333
3180 0.756
3181 0.6522727272727272
3182 0.7527272727272727
3183 0.752
3184 0.7190625
3185 0.79
3186 0.7575
3187 0.76
3188 0.7710714285714285
3189 0.7893333333333333
3190 0.8189285714285715
3191 0.7815625
3192 0.7907142857142857
3193 0.819
3194 0.894
3195 0.8579166666666667
3196 0.8517857142857143
3197 0.7991666666666667
3198 0.7966666666666666
3199 0.8263636363636364
3200 0.7260714285714286
3201 0.8540909090909091
3202 0.787
3203 0.8804166666666666
3204 0.6704545454545454
3205 0.8166666666666667
3206 0.8
3207 0.6315
3208 0.78125
3209 0.9122727272727272
3210 0.6204545454545455
3211 0.840625
3212 0.78
3213 0.7766666666666666
3214 0.709
3215 0.6845
3216 0.8792307692307693
3217 0.7822222222222223
3218 0.8253846153846154
3219 0.7877272727272727
3220 0.8236666666666667
3221 0.8106666666666666
3222 0.6405555555555555
3223 0.751875
3224 0.725
3225 0.8813636363636363
3226 0.8135
3227 0.752
3228 0.66875
3229 0.72125
3230 0.78875
3231 0.7411111111111112
3232 0.7825
3233 0.7892307692307692
3234 0.8692857142857143
3235 0.7654545454545455
3236 0.8175
