0 0.9884166666666667
1 0.8384166666666667
2 0.8384166666666667
3 0.8384166666666667
4 0.8384166666666667
5 0.8384166666666667
6 0.8384166666666667
7 0.8384166666666667
8 0.8384166666666667
9 0.8384166666666667
10 0.8384166666666667
11 0.8384166666666667
12 0.8384166666666667
13 0.8384166666666667
14 0.8384166666666667
15 0.8384166666666667
16 0.8384166666666667
17 0.8384166666666667
18 0.8384166666666667
19 0.8384166666666667
20 0.8384166666666667
21 0.8384166666666667
22 0.8384166666666667
23 0.8384166666666667
24 0.8384166666666667
25 0.8384166666666667
26 0.8384166666666667
27 0.8384166666666667
28 0.8384166666666667
29 0.8384166666666667
30 0.8384166666666667
31 0.8384166666666667
32 0.8384166666666667
33 0.8384166666666667
34 0.8384166666666667
35 0.8384166666666667
36 0.8384166666666667
37 0.8384166666666667
38 0.8384166666666667
39 0.8384166666666667
40 0.8384166666666667
41 0.8384166666666667
42 0.8384166666666667
43 0.8384166666666667
44 0.8384166666666667
45 0.8384166666666667
46 0.8384166666666667
47 0.8384166666666667
48 0.8384166666666667
49 0.8384166666666667
50 0.8384166666666667
51 0.8384166666666667
52 0.8384166666666667
53 0.8384166666666667
54 0.8384166666666667
55 0.8384166666666667
56 0.8384166666666667
57 0.8384166666666667
58 0.8384166666666667
59 0.8384166666666667
60 0.8384166666666667
61 0.8384166666666667
62 0.8384166666666667
63 0.8384166666666667
64 0.8384166666666667
65 0.8384166666666667
66 0.8384166666666667
67 0.8384166666666667
68 0.8384166666666667
69 0.8384166666666667
70 0.8384166666666667
71 0.8384166666666667
72 0.8384166666666667
73 0.8384166666666667
74 0.8384166666666667
75 0.8384166666666667
76 0.8384166666666667
77 0.8384166666666667
78 0.8384166666666667
79 0.8384166666666667
80 0.8384166666666667
81 0.8384166666666667
82 0.8384166666666667
83 0.8384166666666667
84 0.8384166666666667
85 0.8384166666666667
86 0.8384166666666667
87 0.8384166666666667
88 0.8384166666666667
89 0.8384166666666667
90 0.8384166666666667
91 0.8384166666666667
92 0.8384166666666667
93 0.8384166666666667
94 0.8384166666666667
95 0.8384166666666667
96 0.8384166666666667
97 0.8384166666666667
98 0.8384166666666667
99 0.8384166666666667
100 0.8384166666666667
101 0.8384166666666667
102 0.8384166666666667
103 0.8384166666666667
104 0.8384166666666667
105 0.8384166666666667
106 0.8384166666666667
107 0.8384166666666667
108 0.8384166666666667
109 0.8384166666666667
110 0.8384166666666667
111 0.8384166666666667
112 0.8384166666666667
113 0.8384166666666667
114 0.8384166666666667
115 0.8384166666666667
116 0.8384166666666667
117 0.8384166666666667
118 0.8384166666666667
119 0.8384166666666667
120 0.8384166666666667
121 0.8384166666666667
122 0.8384166666666667
123 0.8384166666666667
124 0.8384166666666667
125 0.8384166666666667
126 0.8384166666666667
127 0.8384166666666667
128 0.8384166666666667
129 0.8384166666666667
130 0.8384166666666667
131 0.8384166666666667
132 0.8384166666666667
133 0.8384166666666667
134 0.8384166666666667
135 0.8384166666666667
136 0.8384166666666667
137 0.8384166666666667
138 0.8384166666666667
139 0.8384166666666667
140 0.8384166666666667
141 0.8384166666666667
142 0.8384166666666667
143 0.8384166666666667
144 0.8384166666666667
145 0.8384166666666667
146 0.8384166666666667
147 0.8384166666666667
148 0.8384166666666667
149 0.8384166666666667
150 0.8384166666666667
151 0.8384166666666667
152 0.8384166666666667
153 0.8384166666666667
154 0.8384166666666667
155 0.8384166666666667
156 0.8384166666666667
157 0.8384166666666667
158 0.8384166666666667
159 0.8384166666666667
160 0.8384166666666667
161 0.8384166666666667
162 0.8384166666666667
163 0.8384166666666667
164 0.8384166666666667
165 0.8384166666666667
166 0.8384166666666667
167 0.8384166666666667
168 0.8384166666666667
169 0.8384166666666667
170 0.8384166666666667
171 0.8384166666666667
172 0.8384166666666667
173 0.8384166666666667
174 0.8384166666666667
175 0.8384166666666667
176 0.8384166666666667
177 0.8384166666666667
178 0.8384166666666667
179 0.8384166666666667
180 0.8384166666666667
181 0.8384166666666667
182 0.8384166666666667
183 0.8384166666666667
184 0.8384166666666667
185 0.8384166666666667
186 0.8384166666666667
187 0.8384166666666667
188 0.8384166666666667
189 0.8384166666666667
190 0.8384166666666667
191 0.8384166666666667
192 0.8384166666666667
193 0.8384166666666667
194 0.8384166666666667
195 0.8384166666666667
196 0.8384166666666667
197 0.8384166666666667
198 0.8384166666666667
199 0.8384166666666667
200 0.8384166666666667
201 0.8384166666666667
202 0.8384166666666667
203 0.8384166666666667
204 0.8384166666666667
205 0.8384166666666667
206 0.8384166666666667
207 0.8384166666666667
208 0.8384166666666667
209 0.8384166666666667
210 0.8384166666666667
211 0.8384166666666667
212 0.8384166666666667
213 0.8384166666666667
214 0.8384166666666667
215 0.8384166666666667
216 0.8384166666666667
217 0.8384166666666667
218 0.8384166666666667
219 0.8384166666666667
220 0.8384166666666667
221 0.8384166666666667
222 0.8384166666666667
223 0.8384166666666667
224 0.8384166666666667
225 0.8384166666666667
226 0.8384166666666667
227 0.8384166666666667
228 0.8384166666666667
229 0.8384166666666667
230 0.8384166666666667
231 0.8384166666666667
232 0.8384166666666667
233 0.8384166666666667
234 0.8384166666666667
235 0.8384166666666667
236 0.8384166666666667
237 0.8384166666666667
238 0.8384166666666667
239 0.8384166666666667
240 0.8384166666666667
241 0.8384166666666667
242 0.8384166666666667
243 0.8384166666666667
244 0.8384166666666667
245 0.8384166666666667
246 0.8384166666666667
247 0.8384166666666667
248 0.8384166666666667
249 0.8384166666666667
250 0.8384166666666667
251 0.8384166666666667
252 0.8384166666666667
253 0.8384166666666667
254 0.8384166666666667
255 0.8384166666666667
256 0.8384166666666667
257 0.8384166666666667
258 0.8384166666666667
259 0.8384166666666667
260 0.8384166666666667
261 0.8384166666666667
262 0.8384166666666667
263 0.8384166666666667
264 0.8384166666666667
265 0.8384166666666667
266 0.8384166666666667
267 0.8384166666666667
268 0.8384166666666667
269 0.8384166666666667
270 0.8384166666666667
271 0.8384166666666667
272 0.8384166666666667
273 0.8384166666666667
274 0.8384166666666667
275 0.8384166666666667
276 0.8384166666666667
277 0.8384166666666667
278 0.8384166666666667
279 0.8384166666666667
280 0.8384166666666667
281 0.8384166666666667
282 0.8384166666666667
283 0.8384166666666667
284 0.8384166666666667
285 0.8384166666666667
286 0.8384166666666667
287 0.8384166666666667
288 0.8384166666666667
289 0.8384166666666667
290 0.8384166666666667
291 0.8384166666666667
292 0.8384166666666667
293 0.8384166666666667
294 0.8384166666666667
295 0.8384166666666667
296 0.8384166666666667
297 0.8384166666666667
298 0.8384166666666667
299 0.8384166666666667
300 0.8384166666666667
301 0.8384166666666667
302 0.8384166666666667
303 0.8384166666666667
304 0.8384166666666667
305 0.8384166666666667
306 0.8384166666666667
307 0.8384166666666667
308 0.8384166666666667
309 0.8384166666666667
310 0.8384166666666667
311 0.8384166666666667
312 0.8384166666666667
313 0.8384166666666667
314 0.8384166666666667
315 0.8384166666666667
316 0.8384166666666667
317 0.8384166666666667
318 0.8384166666666667
319 0.8384166666666667
320 0.8384166666666667
321 0.8384166666666667
322 0.8384166666666667
323 0.8384166666666667
324 0.8384166666666667
325 0.8384166666666667
326 0.8384166666666667
327 0.8384166666666667
328 0.8384166666666667
329 0.8384166666666667
330 0.8384166666666667
331 0.8384166666666667
332 0.8384166666666667
333 0.8384166666666667
334 0.8384166666666667
335 0.8384166666666667
336 0.8384166666666667
337 0.8384166666666667
338 0.8384166666666667
339 0.8384166666666667
340 0.8384166666666667
341 0.8384166666666667
342 0.8384166666666667
343 0.8384166666666667
344 0.8384166666666667
345 0.8384166666666667
346 0.8384166666666667
347 0.8384166666666667
348 0.8384166666666667
349 0.8384166666666667
350 0.8384166666666667
351 0.8384166666666667
352 0.8384166666666667
353 0.8384166666666667
354 0.8384166666666667
355 0.8384166666666667
356 0.8384166666666667
357 0.8384166666666667
358 0.8384166666666667
359 0.8384166666666667
360 0.8384166666666667
361 0.8384166666666667
362 0.8384166666666667
363 0.8384166666666667
364 0.8384166666666667
365 0.8384166666666667
366 0.8384166666666667
367 0.8384166666666667
368 0.8384166666666667
369 0.8384166666666667
370 0.8384166666666667
371 0.8384166666666667
372 0.8384166666666667
373 0.8384166666666667
374 0.8384166666666667
375 0.8384166666666667
376 0.8384166666666667
377 0.8384166666666667
378 0.8384166666666667
379 0.8384166666666667
380 0.8384166666666667
381 0.8384166666666667
382 0.8384166666666667
383 0.8384166666666667
384 0.8384166666666667
385 0.8384166666666667
386 0.8384166666666667
387 0.8384166666666667
388 0.8384166666666667
389 0.8384166666666667
390 0.8384166666666667
391 0.8384166666666667
392 0.8384166666666667
393 0.8384166666666667
394 0.8384166666666667
395 0.8384166666666667
396 0.8384166666666667
397 0.8384166666666667
398 0.8384166666666667
399 0.8384166666666667
400 0.8384166666666667
401 0.8384166666666667
402 0.8384166666666667
403 0.8384166666666667
404 0.8384166666666667
405 0.8384166666666667
406 0.8384166666666667
407 0.8384166666666667
408 0.8384166666666667
409 0.8384166666666667
410 0.8384166666666667
411 0.8384166666666667
412 0.8384166666666667
413 0.8384166666666667
414 0.8384166666666667
415 0.8384166666666667
416 0.8384166666666667
417 0.8384166666666667
418 0.8384166666666667
419 0.8384166666666667
420 0.8384166666666667
421 0.8384166666666667
422 0.8384166666666667
423 0.8384166666666667
424 0.8384166666666667
425 0.8384166666666667
426 0.8384166666666667
427 0.8384166666666667
428 0.8384166666666667
429 0.8384166666666667
430 0.8384166666666667
431 0.8384166666666667
432 0.8384166666666667
433 0.8384166666666667
434 0.8384166666666667
435 0.8384166666666667
436 0.8384166666666667
437 0.8384166666666667
438 0.8384166666666667
439 0.8384166666666667
440 0.8384166666666667
441 0.8384166666666667
442 0.8384166666666667
443 0.8384166666666667
444 0.8384166666666667
445 0.8384166666666667
446 0.8384166666666667
447 0.8384166666666667
448 0.8384166666666667
449 0.8384166666666667
450 0.8384166666666667
451 0.8384166666666667
452 0.8384166666666667
453 0.8384166666666667
454 0.8384166666666667
455 0.8384166666666667
456 0.8384166666666667
457 0.8384166666666667
458 0.8384166666666667
459 0.8384166666666667
460 0.8384166666666667
461 0.8384166666666667
462 0.8384166666666667
463 0.8384166666666667
464 0.8384166666666667
465 0.8384166666666667
466 0.8384166666666667
467 0.8384166666666667
468 0.8384166666666667
469 0.8384166666666667
470 0.8384166666666667
471 0.8384166666666667
472 0.8384166666666667
473 0.8384166666666667
474 0.8384166666666667
475 0.8384166666666667
476 0.8384166666666667
477 0.8384166666666667
478 0.8384166666666667
479 0.8384166666666667
480 0.8384166666666667
481 0.8384166666666667
482 0.8384166666666667
483 0.8384166666666667
484 0.8384166666666667
485 0.8384166666666667
486 0.8384166666666667
487 0.8384166666666667
488 0.8384166666666667
489 0.8384166666666667
490 0.8384166666666667
491 0.8384166666666667
492 0.8384166666666667
493 0.8384166666666667
494 0.8384166666666667
495 0.8384166666666667
496 0.8384166666666667
497 0.8384166666666667
498 0.8384166666666667
499 0.8384166666666667
500 0.8384166666666667
501 0.8384166666666667
502 0.8384166666666667
503 0.8384166666666667
504 0.8384166666666667
505 0.8384166666666667
506 0.8384166666666667
507 0.8384166666666667
508 0.8384166666666667
509 0.8384166666666667
510 0.8384166666666667
511 0.8384166666666667
512 0.8384166666666667
513 0.8384166666666667
514 0.8384166666666667
515 0.8384166666666667
516 0.8384166666666667
517 0.8384166666666667
518 0.8384166666666667
519 0.8384166666666667
520 0.8384166666666667
521 0.8384166666666667
522 0.8384166666666667
523 0.8384166666666667
524 0.8384166666666667
525 0.8384166666666667
526 0.8384166666666667
527 0.8384166666666667
528 0.8384166666666667
529 0.8384166666666667
530 0.8384166666666667
531 0.8384166666666667
532 0.8384166666666667
533 0.8384166666666667
534 0.8384166666666667
535 0.8384166666666667
536 0.8384166666666667
537 0.8384166666666667
538 0.8384166666666667
539 0.8384166666666667
540 0.8384166666666667
541 0.8384166666666667
542 0.8384166666666667
543 0.8384166666666667
544 0.8384166666666667
545 0.8384166666666667
546 0.8384166666666667
547 0.8384166666666667
548 0.8384166666666667
549 0.8384166666666667
550 0.8384166666666667
551 0.8384166666666667
552 0.8384166666666667
553 0.8384166666666667
554 0.8384166666666667
555 0.8384166666666667
556 0.8384166666666667
557 0.8384166666666667
558 0.8384166666666667
559 0.8384166666666667
560 0.8384166666666667
561 0.8384166666666667
562 0.8384166666666667
563 0.8384166666666667
564 0.8384166666666667
565 0.8384166666666667
566 0.8384166666666667
567 0.8384166666666667
568 0.8384166666666667
569 0.8384166666666667
570 0.8384166666666667
571 0.8384166666666667
572 0.8384166666666667
573 0.8384166666666667
574 0.8384166666666667
575 0.8384166666666667
576 0.8384166666666667
577 0.8384166666666667
578 0.8384166666666667
579 0.8384166666666667
580 0.8384166666666667
581 0.8384166666666667
582 0.8384166666666667
583 0.8384166666666667
584 0.8384166666666667
585 0.8384166666666667
586 0.8384166666666667
587 0.8384166666666667
588 0.8384166666666667
589 0.8384166666666667
590 0.8384166666666667
591 0.8384166666666667
592 0.8384166666666667
593 0.8384166666666667
594 0.8384166666666667
595 0.8384166666666667
596 0.8384166666666667
597 0.8384166666666667
598 0.8384166666666667
599 0.8384166666666667
600 0.8384166666666667
601 0.8384166666666667
602 0.8384166666666667
603 0.8384166666666667
604 0.8384166666666667
605 0.8384166666666667
606 0.8384166666666667
607 0.8384166666666667
608 0.8384166666666667
609 0.8384166666666667
610 0.8384166666666667
611 0.8384166666666667
612 0.8384166666666667
613 0.8384166666666667
614 0.8384166666666667
615 0.8384166666666667
616 0.8384166666666667
617 0.8384166666666667
618 0.8384166666666667
619 0.8384166666666667
620 0.8384166666666667
621 0.8384166666666667
622 0.8384166666666667
623 0.8384166666666667
624 0.8384166666666667
625 0.8384166666666667
626 0.8384166666666667
627 0.8384166666666667
628 0.8384166666666667
629 0.8384166666666667
630 0.8384166666666667
631 0.8384166666666667
632 0.8384166666666667
633 0.8384166666666667
634 0.8384166666666667
635 0.8384166666666667
636 0.8384166666666667
637 0.8384166666666667
638 0.8384166666666667
639 0.8384166666666667
640 0.8384166666666667
641 0.8384166666666667
642 0.8384166666666667
643 0.8384166666666667
644 0.8384166666666667
645 0.8384166666666667
646 0.8384166666666667
647 0.8384166666666667
648 0.8384166666666667
649 0.8384166666666667
650 0.8384166666666667
651 0.8384166666666667
652 0.8384166666666667
653 0.8384166666666667
654 0.8384166666666667
655 0.8384166666666667
656 0.8384166666666667
657 0.8384166666666667
658 0.8384166666666667
659 0.8384166666666667
660 0.8384166666666667
661 0.8384166666666667
662 0.8384166666666667
663 0.8384166666666667
664 0.8384166666666667
665 0.8384166666666667
666 0.8384166666666667
667 0.8384166666666667
668 0.8384166666666667
669 0.8384166666666667
670 0.8384166666666667
671 0.8384166666666667
672 0.8384166666666667
673 0.8384166666666667
674 0.8384166666666667
675 0.8384166666666667
0 0.9821428571428571
1 0.78625
2 0.75
3 0.7846666666666666
4 0.7940909090909091
5 0.847
6 0.7071428571428572
7 0.73125
8 0.7533333333333333
9 0.8286666666666667
10 0.7618181818181818
11 0.745
12 0.934375
13 0.76
14 0.7585714285714286
15 0.8238888888888889
16 0.6222222222222222
17 0.7107692307692308
18 0.837
19 0.741875
20 0.7395833333333334
21 0.860909090909091
22 0.76
23 0.79
24 0.9395833333333333
25 0.7925
26 0.7655555555555555
27 0.8941666666666667
28 0.7288888888888889
29 0.8176923076923077
30 0.6285
31 0.849
32 0.8146666666666667
33 0.7576923076923077
34 0.7552941176470588
35 0.8345
36 0.798
37 0.895
38 0.81125
39 0.8027777777777778
40 1.0
41 0.7927777777777778
42 0.7996428571428571
43 0.8584615384615385
44 0.743125
45 0.772
46 0.7352941176470589
47 0.8015
48 0.9158333333333334
49 0.8141666666666667
50 0.85
51 0.8458333333333333
52 0.7883333333333333
53 0.923
54 0.77875
55 0.7732142857142857
56 0.74875
57 0.7222727272727273
58 0.8122727272727273
59 0.75875
60 0.8304166666666667
61 0.79375
62 0.7692857142857142
63 0.7145454545454546
64 0.7585714285714286
65 0.8365625
66 0.8295
67 0.775625
68 0.7141666666666666
69 0.7685
70 0.831
71 0.9075
72 0.83
73 0.7604545454545455
74 0.7676470588235295
75 0.775
76 0.8805
77 0.9133333333333333
78 0.835
79 0.74375
80 0.8725
81 0.926923076923077
82 0.8461111111111111
83 0.906
84 0.7157142857142857
85 0.7125
86 0.8754166666666666
87 0.8385
88 0.8384615384615385
89 0.8575
90 0.9125
91 0.9346428571428571
92 0.8029166666666666
93 0.7914285714285715
94 0.7465384615384615
95 0.7415384615384616
96 0.7672727272727272
97 0.8833333333333333
98 0.7572222222222222
99 0.647
100 0.86625
101 0.7456666666666667
102 0.8892857142857142
103 0.7723333333333333
104 0.8494444444444444
105 0.7079411764705882
106 0.768
107 0.7804166666666666
108 0.9457142857142857
109 0.7440909090909091
110 0.91
111 0.7457692307692307
112 0.9321428571428572
113 0.8216666666666667
114 0.7977777777777778
115 0.7925
116 0.82
117 0.8778571428571429
118 0.8375
119 0.744375
120 0.735
121 0.9229166666666667
122 0.7505
123 0.746
124 0.5725
125 0.8153333333333334
126 0.7986363636363636
127 0.7513333333333333
128 0.82875
129 0.8084615384615385
130 0.7922727272727272
131 0.8056666666666666
132 0.6825
133 0.74875
134 0.7594444444444445
135 0.7604166666666666
136 0.815
137 0.8492857142857143
138 0.8696153846153846
139 0.8345
140 0.8672222222222222
141 0.842
142 0.7594117647058823
143 0.6972222222222222
144 0.8354545454545454
145 0.79375
146 0.6961111111111111
147 0.78625
148 0.7903571428571429
149 0.7665
150 0.7975
151 0.742
152 0.871875
153 0.7675
154 0.8570833333333333
155 1.0
156 0.6865625
157 0.5468181818181819
158 0.8142307692307692
159 0.8004545454545454
160 0.9554166666666667
161 0.8988888888888888
162 0.7620833333333333
163 0.7945833333333333
164 0.7989285714285714
165 0.7953333333333333
166 0.7921428571428571
167 0.8722222222222222
168 0.73625
169 0.8220588235294117
170 0.7356666666666667
171 0.8459090909090909
172 0.7786363636363637
173 0.7895
174 0.8684615384615385
175 0.82125
176 0.918
177 0.7683333333333333
178 0.7945
179 0.9640909090909091
180 0.7913333333333333
181 0.8464285714285714
182 0.8388461538461538
183 0.6985714285714286
184 0.844
185 0.8203571428571429
186 0.88375
187 0.8654166666666666
188 0.8158333333333333
189 0.7203571428571428
190 0.88
191 0.9085
192 0.6925
193 0.7329166666666667
194 0.7307142857142858
195 0.76
196 0.7264285714285714
197 0.7504545454545455
198 0.72125
199 0.92
200 0.8380555555555556
201 0.8531818181818182
202 0.9111538461538462
203 0.7727272727272727
204 0.79
205 0.8020833333333334
206 0.8260714285714286
207 0.7342307692307692
208 0.8603571428571428
209 0.9304166666666667
210 0.795
211 0.7283333333333334
212 0.7461538461538462
213 0.8738461538461538
214 0.835
215 0.6368181818181818
216 0.8259375
217 0.6804166666666667
218 0.804
219 0.807
220 0.6644444444444444
221 0.8
222 0.775
223 0.855
224 0.825
225 0.7403125
226 0.82
227 0.7675
228 0.8288888888888889
229 0.7626470588235295
230 0.7931818181818182
231 0.7225
232 0.6842857142857143
233 0.7833333333333333
234 0.75125
235 0.749375
236 0.7709090909090909
237 0.8254545454545454
238 0.7596153846153846
239 0.7875
240 0.8175
241 0.8446666666666667
242 0.7391666666666666
243 0.6007142857142858
244 0.931875
245 0.850909090909091
246 0.7866666666666666
247 0.74875
248 0.7875
249 0.8926923076923077
250 0.8095833333333333
251 0.7945833333333333
252 0.752
253 0.8828125
254 0.705
255 0.76
256 0.7753333333333333
257 0.9254166666666667
258 0.70625
259 0.868
260 0.8723333333333333
261 0.7378125
262 0.8303846153846154
263 0.8033333333333333
264 0.86125
265 0.8055
266 0.8441666666666666
267 0.675
268 0.936923076923077
269 0.9085714285714286
270 0.8483333333333334
271 0.8618181818181818
272 0.7055
273 0.75375
274 0.8358333333333333
275 0.8405555555555555
276 0.7464705882352941
277 0.8860526315789473
278 0.8285294117647058
279 0.7586363636363637
280 0.8055555555555556
281 0.6775
282 0.7753125
283 0.761875
284 0.7966666666666666
285 0.9411111111111111
286 0.8763636363636363
287 0.8632142857142857
288 0.8545833333333334
289 0.7489285714285714
290 0.775
291 0.755
292 0.665625
293 0.849
294 0.7240625
295 0.8435714285714285
296 0.6661111111111111
297 0.7525
298 0.6979166666666666
299 0.7273076923076923
300 0.6403846153846153
301 0.8476666666666667
302 0.9256666666666666
303 0.7395833333333334
304 0.7425
305 0.7435714285714285
306 0.903
307 0.7875
308 0.7253571428571428
309 0.8652941176470588
310 0.755
311 0.6755
312 0.81625
313 0.7213333333333334
314 0.7615625
315 0.7766666666666666
316 0.77
317 0.7858333333333334
318 0.8136666666666666
319 0.8568181818181818
320 0.843125
321 0.8633333333333333
322 0.7485714285714286
323 0.7805555555555556
324 0.9533333333333334
325 0.8146666666666667
326 0.7093333333333334
327 0.860625
328 0.9407142857142857
329 0.8325
330 0.8215
331 0.8127272727272727
332 0.8013157894736842
333 0.8891666666666667
334 0.836
335 0.8623333333333333
336 0.8216666666666667
337 0.7613636363636364
338 0.855
339 0.8104166666666667
340 0.7325
341 0.8867857142857143
342 0.730625
343 0.8694736842105263
344 0.7711111111111111
345 0.6811111111111111
346 0.7704166666666666
347 0.8835714285714286
348 0.7740476190476191
349 0.7404545454545455
350 0.8266666666666667
351 0.8455
352 0.8765
353 0.7288461538461538
354 0.8288461538461539
355 0.7016666666666667
356 0.81125
357 0.6360714285714286
358 0.8183333333333334
359 0.7925
360 0.9278571428571428
361 0.8986363636363637
362 0.7188461538461538
363 0.7515
364 0.7863636363636364
365 0.7455555555555555
366 0.8383333333333334
367 0.8966666666666666
368 0.7791666666666667
369 0.80625
370 0.9302631578947368
371 0.8188888888888889
372 0.765
373 0.7903571428571429
374 0.738
375 0.735
376 0.8556666666666667
377 0.796923076923077
378 0.8861764705882353
379 0.765
380 0.7438461538461538
381 0.8140909090909091
382 0.8159090909090909
383 0.6691666666666667
384 0.58375
385 0.8333333333333334
386 0.8534615384615385
387 0.725
388 0.79
389 0.936875
390 0.83
391 0.76125
392 0.82
393 0.7657142857142857
394 0.8255555555555556
395 0.7254166666666667
396 0.88
397 0.8885714285714286
398 0.9005555555555556
399 0.8830769230769231
400 0.77
401 0.8221428571428572
402 0.9133333333333333
403 0.9157142857142857
404 0.7977272727272727
405 0.8629166666666667
406 0.775
407 0.745
408 0.7834375
409 0.7909375
410 0.7776666666666666
411 0.8191666666666667
412 0.847
413 0.8191666666666667
414 0.8520588235294118
415 0.8054545454545454
416 0.8059090909090909
417 0.795
418 0.7838461538461539
419 0.9505
420 0.7875
421 0.7361538461538462
422 0.7483333333333333
423 0.8335
424 0.946
425 0.8146666666666667
426 0.8995454545454545
427 0.8416666666666667
428 0.7815
429 0.7952941176470588
430 0.8011111111111111
431 0.75
432 0.725909090909091
433 0.77375
434 0.8404166666666667
435 0.8586363636363636
436 0.8066666666666666
437 0.7754166666666666
438 0.7630769230769231
439 0.8436363636363636
440 0.7566666666666667
441 0.8261111111111111
442 0.861764705882353
443 0.7834615384615384
444 0.88
445 0.8981132075471698
446 0.8042307692307692
447 0.716
448 0.8261111111111111
449 0.795
450 0.81875
451 0.8125
452 0.7518181818181818
453 0.796
454 0.7820833333333334
455 0.705
456 0.771
457 0.8745454545454545
458 0.821923076923077
459 0.94125
460 0.73125
461 0.78
462 0.8391176470588235
463 0.7528571428571429
464 0.7653571428571428
465 0.875
466 0.9265384615384615
467 0.8178125
468 0.803125
469 0.917
470 0.8225
471 0.8491666666666666
472 0.6446875
473 0.7118181818181818
474 0.8486363636363636
475 0.7355
476 0.78875
477 0.9125
478 0.8033333333333333
479 0.8378571428571429
480 0.67875
481 0.775
482 0.8095
483 0.905
484 0.835
485 0.7091666666666666
486 0.8513333333333334
487 0.8066666666666666
488 0.7623076923076924
489 0.8
490 0.8266666666666667
491 0.8411111111111111
492 0.8368181818181818
493 0.8807142857142857
494 0.8425
495 0.8361538461538461
496 0.8988888888888888
497 0.85
498 0.7436363636363637
499 0.7891666666666667
500 0.7833333333333333
501 0.8114285714285714
502 0.7675
503 0.67375
504 0.836764705882353
505 0.7953846153846154
506 0.8303333333333334
507 0.9081818181818182
508 0.8711111111111111
509 0.7596875
510 0.8871428571428571
511 0.8061111111111111
512 0.799
513 0.745
514 0.695625
515 0.7765384615384615
516 0.7626666666666667
517 0.8442857142857143
518 0.8188461538461539
519 0.7661111111111111
520 0.7675
521 0.904
522 0.8218181818181818
523 0.8675
524 0.7161111111111111
525 0.779375
526 0.9458333333333333
527 0.7716666666666666
528 0.7865
529 0.7469230769230769
530 0.8425
531 0.7122727272727273
532 0.7005555555555556
533 0.7785
534 0.6621428571428571
535 0.7118181818181818
536 0.7257692307692307
537 0.84
538 0.905
539 0.7668181818181818
540 0.8168181818181818
541 0.6158333333333333
542 0.6107692307692307
543 0.7885714285714286
544 0.8894444444444445
545 0.7155555555555555
546 0.7596666666666667
547 0.7933333333333333
548 0.7894444444444444
549 0.8407142857142857
550 0.8964285714285715
551 0.7796875
552 0.6935294117647058
553 0.8340909090909091
554 0.7983333333333333
555 0.911875
556 0.9025
557 0.8761111111111111
558 0.9505
559 0.9065384615384615
560 0.805
561 0.8471428571428572
562 0.8927777777777778
563 0.9114285714285715
564 0.697
565 0.6754545454545454
566 0.76875
567 0.7688461538461538
568 0.9191666666666667
569 0.691923076923077
570 0.8834615384615384
571 0.9083333333333333
572 0.7823333333333333
573 0.759090909090909
574 0.864375
575 0.8171428571428572
576 0.749
577 0.7953571428571429
578 0.7867647058823529
579 0.7773076923076923
580 0.83125
581 0.8721428571428571
582 0.755625
583 0.8094444444444444
584 0.6530769230769231
585 0.7122222222222222
586 0.9166666666666666
587 0.9436363636363636
588 0.767
589 0.791
590 0.847
591 0.819
592 0.6481818181818182
593 0.8685
594 0.674
595 0.8060714285714285
596 0.8373076923076923
597 0.642
598 0.7507692307692307
599 0.8314285714285714
600 0.77
601 0.94875
602 0.7976923076923077
603 0.6644444444444444
604 0.7568181818181818
605 0.8165
606 0.6775
607 0.6561538461538462
608 0.7152941176470589
609 0.8342307692307692
610 0.830625
611 0.7184615384615385
612 0.775
613 0.8735714285714286
614 0.8025
615 0.7828571428571428
616 0.6773333333333333
617 0.83875
618 0.943
619 0.8360714285714286
620 0.825
621 0.73
622 0.8113636363636364
623 0.8061111111111111
624 0.7935
625 0.7911111111111111
626 0.8428125
627 0.8288461538461539
628 0.903125
629 0.8107692307692308
630 0.8885
631 0.7766666666666666
632 0.736
633 0.785
634 0.8205555555555556
635 0.5857142857142857
636 0.7122727272727273
637 0.62
638 0.7711111111111111
639 0.7729166666666667
640 0.6442307692307693
641 0.7995
642 0.7025
643 0.7563636363636363
644 0.693
645 0.83375
646 0.82375
647 0.7776923076923077
648 0.655
649 0.718125
650 0.7166666666666667
651 0.7845454545454545
652 0.874
653 0.8333333333333334
654 0.8940625
655 0.8183333333333334
656 0.7166666666666667
657 0.657
658 0.774
659 0.7221428571428572
660 0.80375
661 0.820625
662 0.7975
663 0.8045833333333333
664 0.8620833333333333
665 0.7620833333333333
666 0.6858333333333333
667 0.8333333333333334
668 0.671875
669 0.8592857142857143
670 0.7561111111111111
671 0.8038461538461539
672 0.8621428571428571
673 0.7621428571428571
674 0.8221428571428572
675 0.7244444444444444
676 0.7705
677 0.7675
678 0.9281818181818182
679 0.724375
680 0.7216666666666667
681 0.7616666666666667
682 0.8491666666666666
683 0.8122222222222222
684 0.8254166666666667
685 0.7063333333333334
686 0.9311111111111111
687 0.73375
688 0.95625
689 0.8534615384615385
690 0.78
691 0.751
692 0.7225
693 0.794
694 0.7140909090909091
695 0.7903846153846154
696 0.8139285714285714
697 0.7722222222222223
698 0.8063888888888889
699 0.7304545454545455
700 0.8244444444444444
701 0.853
702 0.855625
703 0.83
704 0.7671875
705 0.795
706 0.7926923076923077
707 0.8333333333333334
708 0.7957142857142857
709 0.7377777777777778
710 0.822
711 0.78
712 0.837
713 0.8702941176470588
714 0.7709090909090909
715 0.758125
716 0.7045
717 0.763
718 0.7622727272727273
719 0.7897222222222222
720 0.7335714285714285
721 0.7516666666666667
722 0.7067857142857142
723 0.7663333333333333
724 0.8719444444444444
725 0.6316666666666667
726 0.7958333333333333
727 0.8831818181818182
728 0.7633333333333333
729 0.8645454545454545
730 0.84
731 0.773
732 0.8533333333333334
733 0.579
734 0.8271428571428572
735 0.7609375
736 0.7853333333333333
737 0.8716666666666667
738 0.8585
739 0.9536363636363636
740 0.8555
741 0.9336666666666666
742 0.8721052631578947
743 0.8623333333333333
744 0.8981818181818182
745 0.8235
746 0.78
747 0.8683333333333333
748 0.9622222222222222
749 0.9128571428571428
750 0.9075
751 0.8522727272727273
752 0.8595833333333334
753 0.9257142857142857
754 0.9276666666666666
755 0.91125
756 0.8644444444444445
757 0.918125
758 0.9026923076923077
759 0.76
760 0.9183333333333333
761 0.9145454545454546
762 0.8561111111111112
763 0.78
764 0.8316666666666667
765 0.8390909090909091
766 0.9173076923076923
767 0.9442105263157895
768 0.8885
769 0.9173076923076923
770 0.8714705882352941
771 0.90625
772 0.9166666666666666
773 0.9009090909090909
774 0.8945454545454545
775 0.8477777777777777
776 0.8925
777 0.8773333333333333
778 0.8736363636363637
779 0.9505
780 0.8916666666666667
781 0.918
782 0.8828571428571429
783 0.9055
784 0.9083333333333333
785 0.9255
786 0.9395454545454546
787 0.9577777777777777
788 0.9677777777777777
789 0.9515384615384616
790 0.9161764705882353
791 0.940625
792 0.931923076923077
793 0.915
794 0.8977272727272727
795 0.9388888888888889
796 0.965
797 0.9645
798 0.92875
799 0.9433333333333334
800 0.8873333333333333
801 0.9504166666666667
802 0.89875
803 0.9088461538461539
804 0.9094444444444445
805 0.935
806 0.914
807 0.9354545454545454
808 0.92
809 1.0
810 1.0
811 1.0
812 1.0
813 1.0
814 1.0
815 1.0
816 1.0
817 1.0
818 1.0
819 1.0
820 1.0
821 1.0
822 1.0
823 1.0
824 1.0
825 1.0
826 1.0
827 1.0
828 1.0
829 1.0
830 1.0
831 1.0
832 1.0
833 1.0
834 1.0
835 1.0
836 1.0
837 1.0
838 1.0
839 1.0
840 1.0
841 1.0
842 1.0
843 1.0
844 1.0
845 1.0
846 1.0
847 1.0
848 1.0
849 1.0
850 1.0
851 1.0
852 1.0
853 1.0
854 1.0
855 1.0
856 1.0
857 1.0
858 1.0
859 1.0
860 1.0
861 1.0
862 1.0
863 1.0
864 1.0
865 1.0
866 1.0
867 1.0
868 1.0
869 1.0
870 1.0
871 1.0
872 1.0
873 1.0
874 1.0
875 1.0
876 1.0
877 1.0
878 1.0
879 1.0
880 1.0
881 1.0
882 1.0
883 1.0
884 1.0
885 1.0
886 1.0
887 1.0
888 1.0
889 1.0
890 1.0
891 1.0
892 1.0
893 1.0
894 1.0
895 1.0
896 1.0
897 1.0
898 1.0
899 1.0
900 1.0
901 1.0
902 1.0
903 1.0
904 1.0
905 1.0
906 1.0
907 1.0
908 1.0
909 1.0
910 1.0
911 1.0
912 1.0
913 1.0
914 1.0
915 1.0
916 1.0
917 1.0
918 1.0
919 1.0
920 1.0
921 1.0
922 1.0
923 1.0
924 1.0
925 1.0
926 1.0
927 1.0
928 1.0
