0 0.9555
1 1.0
2 1.0
3 1.0
4 1.0
5 1.0
6 1.0
7 1.0
8 1.0
9 1.0
10 1.0
11 1.0
12 1.0
13 1.0
14 1.0
15 1.0
16 1.0
17 1.0
18 1.0
19 1.0
20 1.0
21 1.0
22 1.0
23 1.0
24 1.0
25 1.0
26 1.0
27 1.0
28 1.0
29 1.0
30 1.0
31 1.0
32 1.0
33 1.0
34 1.0
35 1.0
36 1.0
37 1.0
38 1.0
39 1.0
40 1.0
41 1.0
42 1.0
43 1.0
44 1.0
45 1.0
46 1.0
47 1.0
48 1.0
49 1.0
1 0.5461254612546126
2 0.35335689045936397
3 0.3464285714285714
4 0.3563636363636364
5 0.3917910447761194
6 0.41637010676156583
7 0.3563636363636364
8 0.34275618374558303
9 0.35587188612099646
10 0.38869257950530034
11 0.38661710037174724
12 0.3645833333333333
13 0.36186770428015563
14 0.33212996389891697
15 0.2886178861788618
16 0.3219178082191781
17 0.4033333333333333
18 0.3702290076335878
19 0.40441176470588236
20 0.31983805668016196
21 0.3254901960784314
22 0.3473684210526316
23 0.32222222222222224
24 0.3422818791946309
25 0.32234432234432236
26 0.3415492957746479
27 0.3125
28 0.33079847908745247
29 0.3127147766323024
30 0.3333333333333333
31 0.3539518900343643
32 0.31203007518796994
33 0.35664335664335667
34 0.34220532319391633
35 0.3508771929824561
36 0.3029197080291971
37 0.3404255319148936
38 0.37453183520599254
39 0.32974910394265233
40 0.32567049808429116
41 0.391156462585034
42 0.35125448028673834
43 0.3645833333333333
44 0.3154121863799283
45 0.3433962264150943
46 0.3745928338762215
47 0.34765625
48 0.2977941176470588
49 0.33579335793357934
50 0.34831460674157305
51 0.34146341463414637
52 0.3525423728813559
53 0.375
54 0.3371212121212121
55 0.36231884057971014
56 0.32978723404255317
57 0.31899641577060933
58 0.35714285714285715
59 0.4163934426229508
60 0.3689655172413793
61 0.36996336996337
62 0.3586206896551724
63 0.2958801498127341
64 0.2953020134228188
65 0.344
66 0.3344947735191638
67 0.36200716845878134
68 0.41044776119402987
69 0.3309608540925267
70 0.38620689655172413
71 0.34057971014492755
72 0.34686346863468637
73 0.3782771535580524
74 0.37254901960784315
75 0.3408239700374532
76 0.36046511627906974
77 0.3229571984435798
78 0.39622641509433965
79 0.34296028880866425
80 0.33574007220216606
81 0.3875432525951557
82 0.38022813688212925
83 0.31954887218045114
84 0.3249097472924188
85 0.33935018050541516
86 0.3665338645418327
87 0.35714285714285715
88 0.34415584415584416
89 0.3275862068965517
90 0.3089430894308943
91 0.3553113553113553
92 0.3715415019762846
93 0.3793103448275862
94 0.4014084507042254
95 0.3617021276595745
96 0.3470790378006873
97 0.4
98 0.35918367346938773
99 0.4153846153846154
100 0.4101694915254237
101 0.38380281690140844
102 0.3382899628252788
103 0.35019455252918286
104 0.3584905660377358
105 0.37050359712230213
